byte offset: 0
first index: 8262
index count: 4458
topology: trianglelist
format: DXGI_FORMAT_R16_UINT

1714 1715 1716
1717 1718 1719
1720 1715 1714
1721 1722 1723
1724 1725 1726
1727 1716 1728
1729 1730 1731
1732 1733 1734
1735 1736 1737
1738 1739 1740
1741 1742 1743
1744 1742 1741
1745 1742 1746
1747 1742 1745
1748 1742 1747
1749 1742 1748
1750 1742 1749
1751 1743 1742
1752 1751 1742
1753 1752 1742
1750 1754 1742
1733 1732 1728
1716 1727 1755
1756 1715 1757
1756 1757 1758
1759 1760 1761
1729 1739 1730
1723 1739 1738
1719 1722 1721
1725 1717 1726
1724 1762 1725
1746 1742 1763
1764 1765 1766
1753 1742 1754
1760 1759 1758
1763 1742 1744
1758 1759 1756
1731 1730 1761
1731 1761 1760
1757 1715 1720
1734 1733 1737
1737 1733 1735
1766 1765 1767
1768 1769 1770
1771 1772 1773
1774 1768 1775
1776 1777 1778
1779 1780 1781
1782 1783 1770
1784 1785 1786
1787 1788 1789
1790 1791 1792
1793 1794 1795
1796 1797 1798
1798 1797 1799
1800 1797 1801
1801 1797 1802
1802 1797 1803
1803 1797 1804
1804 1797 1805
1796 1806 1797
1806 1807 1797
1807 1808 1797
1809 1805 1797
1789 1783 1787
1810 1811 1775
1810 1812 1811
1813 1814 1815
1784 1795 1794
1777 1795 1778
1772 1778 1773
1781 1771 1773
1779 1781 1816
1817 1797 1800
1818 1819 1820
1809 1797 1808
1821 1822 1820
1815 1812 1813
1799 1797 1817
1812 1810 1813
1785 1814 1786
1785 1815 1814
1811 1774 1775
1788 1791 1789
1791 1790 1789
1819 1823 1820
1824 1825 1826
1827 1828 1825
1829 1830 1831
1824 1832 1833
1825 1833 1827
1829 1834 1835
1836 1837 1838
1838 1839 1840
1841 1842 1843
1844 1845 1846
1846 1847 1848
1849 1850 1851
1852 1853 1854
1854 1855 1856
1857 1858 1859
1860 1861 1862
1863 1860 1864
1865 1866 1867
1855 1853 1861
1868 1855 1860
1869 1859 1866
1870 1871 1872
1873 1870 1872
1874 1850 1875
1876 1877 1878
1877 1879 1878
1880 1881 1882
1883 1884 1871
1885 1883 1870
1875 1886 1887
1881 1888 1889
1830 1835 1890
1891 1843 1892
1893 1894 1895
1894 1896 1897
1898 1899 1900
1898 1859 1901
1867 1866 1902
1866 1859 1858
1886 1850 1903
1891 1904 1905
1906 1907 1908
1882 1881 1909
1910 1906 1911
1839 1837 1912
1913 1839 1914
1843 1842 1896
1915 1843 1896
1914 1912 1916
1917 1914 1918
1919 1896 1894
1920 1921 1838
1922 1920 1840
1923 1904 1891
1833 1832 1920
1924 1833 1920
1835 1834 1904
1890 1835 1904
1918 1916 1925
1926 1918 1927
1928 1894 1893
1926 1927 1929
1917 1918 1926
1863 1864 1930
1860 1862 1864
1868 1860 1863
1855 1861 1860
1856 1855 1868
1854 1853 1855
1847 1845 1884
1931 1847 1883
1887 1907 1932
1908 1907 1903
1844 1846 1933
1846 1848 1933
1932 1906 1910
1934 1826 1877
1826 1828 1879
1831 1888 1880
1889 1888 1830
1918 1925 1927
1914 1916 1918
1839 1912 1914
1913 1914 1917
1840 1839 1913
1838 1837 1839
1893 1935 1936
1925 1937 1938
1927 1938 1939
1940 1941 1935
1862 1942 1864
1864 1943 1930
1867 1944 1945
1946 1947 1944
1864 1942 1943
1930 1943 1948
1851 1899 1898
1872 1949 1854
1950 1872 1854
1900 1899 1874
1951 1952 1953
1954 1955 1956
1957 1958 1959
1960 1961 1962
1963 1964 1965
1966 1967 1968
1969 1970 1971
1972 1973 1974
1975 1976 1963
1957 1977 1978
1952 1951 1972
1978 1979 1980
1981 1982 1954
1966 1983 1974
1969 1971 1984
1984 1971 1985
1966 1968 1983
1974 1973 1966
1959 1958 1986
1960 1962 1980
1987 1961 1988
1988 1961 1989
1990 1989 1991
1991 1989 1992
1992 1989 1993
1982 1981 1976
1994 1964 1995
1965 1964 1994
1996 1995 1997
1997 1995 1998
1999 2000 2001
2002 2003 2001
2004 2005 2006
1999 2003 2007
2007 2008 2009
2010 2004 2011
2012 2013 2014
2013 2015 2016
2017 2018 2019
2020 2021 2022
2022 2023 2024
2025 2026 2027
2028 2029 2030
2029 2031 2032
2033 2034 2035
2036 2037 2038
2039 2040 2036
2041 2042 2043
2032 2038 2030
2044 2036 2032
2045 2041 2046
2047 2048 2049
2050 2051 2048
2025 2052 2053
2054 2055 2056
2056 2055 2057
2058 2059 2060
2061 2062 2047
2063 2050 2062
2053 2064 2065
2060 2066 2067
2004 2068 2069
2019 2070 2071
2072 2073 2074
2075 2074 2076
2034 2033 2077
2035 2078 2045
2043 2079 2080
2046 2080 2081
2025 2082 2083
2018 2017 2084
2085 2086 2087
2059 2066 2060
2088 2086 2085
2016 2089 2014
2090 2091 2016
2092 2093 2076
2071 2094 2093
2091 2095 2089
2096 2097 2091
2094 2098 2075
2099 2013 2012
2100 2015 2013
2101 2070 2018
2102 2100 2099
2009 2103 2100
2104 2105 2084
2069 2101 2105
2097 2106 2095
2107 2108 2097
2098 2109 2072
2107 2110 2108
2096 2107 2097
2039 2111 2040
2036 2040 2037
2044 2039 2036
2032 2036 2038
2031 2044 2032
2029 2032 2030
2022 2061 2112
2024 2063 2061
2065 2113 2085
2065 2082 2053
2114 2115 2021
2021 2115 2023
2113 2088 2085
2000 2054 2056
2001 2056 2057
2006 2058 2060
2067 2068 2004
2097 2108 2106
2091 2097 2095
2016 2091 2089
2090 2096 2091
2015 2090 2016
2013 2016 2014
2072 2109 2116
2106 2108 2117
2108 2110 2118
2073 2072 2119
2037 2040 2120
2040 2111 2121
2043 2042 2122
2123 2124 2125
2040 2121 2120
2111 2126 2121
2026 2078 2034
2049 2029 2028
2051 2031 2029
2027 2127 2025
2128 2129 2130
2131 2132 2133
2134 2135 2136
2137 2138 2139
2140 2141 2142
2143 2144 2145
2145 2146 2147
2148 2149 2150
2151 2141 2140
2135 2152 2153
2128 2148 2150
2153 2154 2155
2156 2132 2131
2143 2149 2157
2145 2144 2146
2158 2159 2160
2159 2161 2160
2143 2157 2144
2149 2143 2150
2136 2162 2163
2155 2154 2138
2139 2164 2137
2164 2165 2166
2165 2167 2166
2167 2168 2166
2168 2169 2166
2170 2151 2171
2172 2173 2174
2142 2172 2175
2173 2176 2174
2176 2177 2174
2178 2179 2180
2181 2182 2183
2184 2185 2186
2187 2188 2189
2190 2191 2192
2193 2194 2195
2187 2196 2192
2186 2197 2198
2180 2199 2200
2201 2202 2203
2204 2205 2206
2183 2191 2190
2207 2208 2209
2195 2210 2211
2206 2205 2212
2194 2193 2208
2203 2202 2213
2200 2199 2184
2182 2181 2197
2214 2215 2216
2212 2217 2214
2211 2218 2219
2220 2216 2221
2222 2223 2224
2225 2226 2227
2228 2229 2230
2231 2232 2233
2234 2235 2236
2237 2238 2239
2231 2233 2236
2230 2229 2240
2241 2223 2242
2243 2244 2245
2246 2247 2248
2227 2226 2249
2250 2244 2243
2239 2251 2252
2253 2254 2255
2237 2256 2250
2257 2222 2224
2258 2259 2228
2260 2240 2261
2262 2263 2264
2255 2262 2265
2252 2247 2246
2263 2266 2264
2267 2268 2269
2270 2271 2272
2272 2273 2274
2275 2276 2277
2277 2278 2279
2280 2281 2282
2283 2267 2284
2285 2286 2287
2285 2288 2289
2279 2290 2291
2292 2291 2293
2282 2281 2294
2295 2296 2297
2298 2299 2300
2271 2270 2298
2301 2302 2303
2276 2275 2304
2304 2305 2301
2287 2286 2295
2269 2268 2306
2307 2308 2309
2310 2311 2312
2312 2313 2314
2315 2316 2317
2317 2318 2319
2320 2321 2322
2323 2324 2308
2325 2326 2327
2326 2328 2329
2318 2330 2331
2330 2332 2331
2333 2324 2323
2334 2321 2320
2335 2329 2328
2336 2337 2335
2338 2314 2313
2339 2340 2341
2341 2342 2338
2343 2344 2334
2309 2345 2346
2347 2348 2349
2350 2351 2352
2347 2353 2354
2355 2356 2357
2358 2359 2360
2355 2357 2361
2362 2363 2364
2359 2365 2366
2357 2356 2367
2368 2369 2370
2371 2360 2359
2354 2372 2351
2361 2365 2358
2366 2365 2367
2373 2374 2375
2364 2369 2371
2369 2368 2360
2376 2377 2374
2363 2378 2379
2362 2380 2363
2376 2381 2377
2363 2380 2378
2363 2379 2370
2374 2377 2382
2377 2383 2384
2348 2374 2385
2348 2347 2375
2347 2354 2386
2354 2351 2387
2351 2350 2388
2374 2382 2385
2377 2384 2382
2348 2385 2349
2347 2349 2353
2354 2353 2372
2351 2372 2352
2389 2390 2391
2392 2393 2394
2395 2396 2397
2398 2397 2399
2400 2401 2402
2403 2404 2405
2406 2407 2408
2391 2409 2410
2411 2395 2398
2399 2397 2412
2413 2405 2414
2392 2415 2416
2409 2390 2417
2408 2418 2419
2420 2409 2421
2389 2391 2422
2391 2410 2422
2419 2423 2424
2396 2395 2425
2395 2411 2426
2427 2416 2400
2398 2395 2397
2415 2394 2428
2418 2407 2429
2416 2415 2430
2423 2418 2431
2401 2416 2432
2402 2401 2432
2424 2423 2433
2394 2393 2407
2414 2404 2434
2435 2414 2421
2428 2394 2406
2436 2437 2438
2439 2440 2441
2436 2442 2443
2444 2445 2446
2447 2448 2449
2445 2450 2451
2452 2453 2454
2455 2456 2457
2445 2458 2446
2454 2459 2452
2460 2456 2455
2442 2441 2461
2451 2447 2455
2451 2458 2445
2462 2463 2438
2454 2460 2449
2464 2449 2448
2465 2466 2462
2452 2467 2468
2469 2452 2470
2471 2472 2473
2452 2468 2470
2452 2459 2467
2462 2474 2472
2472 2475 2473
2438 2476 2462
2436 2463 2477
2442 2477 2478
2441 2478 2479
2441 2479 2439
2462 2476 2474
2472 2474 2475
2438 2437 2476
2436 2443 2437
2442 2461 2443
2441 2440 2461
2480 2481 2482
2483 2484 2485
2486 2487 2488
2489 2490 2487
2491 2492 2493
2494 2495 2496
2497 2498 2499
2482 2500 2501
2502 2489 2503
2490 2488 2487
2504 2505 2496
2483 2506 2507
2482 2508 2509
2499 2510 2511
2501 2512 2508
2513 2514 2481
2481 2514 2500
2510 2515 2511
2486 2504 2516
2517 2518 2519
2516 2504 2495
2519 2516 2520
2507 2491 2493
2489 2487 2503
2484 2521 2522
2507 2523 2524
2499 2525 2526
2507 2524 2484
2511 2527 2525
2507 2528 2523
2492 2528 2493
2515 2527 2511
2529 2497 2526
2496 2508 2512
2505 2509 2508
2485 2530 2497
2413 2531 2405
2531 2532 2403
2396 2425 2531
2425 2426 2531
2430 2415 2533
2416 2534 2535
1967 2536 1968
1971 1970 1967
1967 1970 2536
2537 2538 2539
2540 2541 2542
2543 2544 2545
2546 2547 2548
2549 2550 2551
2539 2538 2552
2541 2539 2553
2554 2555 2556
2543 2557 2544
2550 2558 2559
2560 2561 2562
2563 2564 2565
2566 2567 2568
2569 2570 2553
2571 2549 2572
2549 2573 2572
2559 2558 2574
2575 2576 2567
2577 2578 2579
2580 2581 2549
2577 2582 2583
2584 2585 2586
2587 2542 2584
2556 2555 2569
2550 2581 2558
2588 2589 2590
2591 2592 2593
2594 2595 2596
2597 2598 2599
2600 2601 2602
2602 2603 2604
2590 2605 2606
2607 2608 2609
2610 2598 2611
2612 2613 2614
2615 2616 2617
2543 2618 2557
2572 2538 2537
2619 2620 2538
2593 2621 2622
2615 2623 2616
2547 2624 2625
2590 2606 2626
2621 2606 2622
2540 2627 2539
2628 2629 2630
2560 2562 2631
2632 2633 2634
2635 2636 2637
2638 2639 2640
2641 2636 2564
2639 2642 2643
2644 2554 2645
2645 2554 2646
2647 2648 2649
2650 2567 2576
2651 2652 2653
2654 2655 2656
2618 2543 2657
2658 2632 2659
2660 2661 2641
2662 2663 2639
2664 2637 2665
2666 2662 2667
2668 2669 2670
2671 2672 2673
2674 2668 2670
2631 2675 2660
2634 2676 2662
2659 2634 2666
2677 2665 2546
2565 2564 2635
2638 2640 2678
2679 2564 2563
2640 2643 2678
2558 2680 2630
2605 2590 2681
2597 2594 2682
2683 2684 2685
2686 2596 2593
2596 2595 2591
2590 2687 2681
2687 2688 2681
2568 2689 2554
2690 2691 2600
2646 2689 2650
2692 2693 2694
2644 2695 2555
2696 2557 2576
2604 2697 2654
2557 2698 2576
2606 2621 2626
2626 2621 2588
2699 2700 2701
2702 2699 2703
2632 2704 2633
2548 2547 2625
2693 2705 2706
2542 2541 2570
2540 2542 2587
2695 2542 2555
2707 2545 2669
2656 2708 2671
2657 2707 2674
2587 2584 2586
2555 2542 2570
2709 2579 2710
2583 2582 2711
2712 2713 2714
2614 2613 2715
2716 2617 2717
2718 2623 2719
2720 2721 2648
2649 2722 2723
2651 2653 2724
2725 2726 2687
2727 2704 2687
2589 2725 2590
2687 2704 2688
2728 2729 2730
2731 2732 2733
2732 2734 2735
2734 2736 2735
2736 2737 2573
2737 2738 2619
2738 2552 2620
2628 2624 2739
2630 2574 2558
2641 2661 2636
2661 2675 2637
2675 2562 2665
2562 2624 2547
2636 2661 2637
2637 2675 2665
2665 2562 2547
2562 2561 2624
2631 2562 2675
2660 2675 2661
2681 2688 2658
2688 2704 2632
2739 2730 2628
2740 2733 2574
2739 2561 2728
2733 2551 2559
2733 2735 2551
2735 2736 2573
2735 2573 2551
2574 2733 2559
2732 2735 2733
2731 2733 2740
2730 2729 2740
2629 2730 2740
2630 2629 2574
2687 2726 2727
2548 2625 2630
2625 2624 2628
2625 2628 2630
2630 2680 2548
2739 2624 2561
2628 2730 2629
2629 2740 2574
2740 2729 2731
2728 2730 2739
2553 2570 2541
2569 2555 2570
2554 2556 2741
2742 2585 2713
2692 2694 2721
2700 2699 2610
2699 2702 2599
2743 2703 2744
2702 2703 2743
2743 2744 2690
2644 2555 2554
2745 2746 2747
2748 2749 2750
2751 2752 2753
2754 2755 2756
2757 2758 2759
2760 2761 2762
2747 2763 2761
2764 2765 2766
2767 2768 2769
2770 2759 2771
2772 2773 2774
2775 2776 2777
2778 2779 2780
2781 2763 2782
2783 2784 2757
2758 2785 2786
2771 2787 2788
2789 2790 2778
2791 2792 2793
2794 2757 2770
2791 2795 2796
2797 2798 2799
2800 2801 2749
2765 2781 2766
2794 2788 2802
2803 2804 2805
2806 2807 2808
2809 2810 2811
2812 2813 2814
2815 2816 2817
2817 2818 2819
2805 2820 2821
2822 2823 2824
2814 2825 2812
2826 2827 2828
2829 2830 2831
2832 2767 2833
2785 2784 2745
2786 2785 2760
2807 2834 2835
2836 2837 2838
2756 2839 2840
2805 2804 2820
2808 2835 2820
2748 2750 2747
2841 2842 2843
2772 2844 2773
2845 2846 2847
2848 2849 2850
2851 2852 2853
2854 2855 2777
2853 2856 2857
2858 2859 2764
2764 2860 2780
2861 2862 2863
2864 2865 2866
2867 2868 2869
2870 2871 2872
2751 2873 2752
2874 2875 2846
2876 2854 2877
2878 2853 2879
2849 2880 2881
2882 2851 2853
2883 2884 2885
2886 2887 2888
2889 2884 2883
2844 2876 2890
2847 2882 2878
2846 2891 2882
2881 2754 2756
2777 2848 2892
2852 2893 2856
2855 2775 2777
2856 2893 2857
2788 2842 2802
2821 2894 2805
2895 2812 2810
2896 2897 2898
2899 2834 2807
2811 2807 2900
2805 2894 2901
2901 2894 2902
2779 2903 2764
2904 2905 2815
2780 2864 2778
2906 2907 2908
2858 2766 2909
2769 2789 2866
2819 2910 2911
2833 2866 2865
2820 2804 2808
2808 2803 2806
2912 2913 2914
2915 2916 2917
2874 2845 2918
2755 2839 2756
2906 2908 2919
2749 2782 2750
2748 2800 2749
2909 2766 2749
2752 2883 2885
2872 2886 2888
2752 2889 2883
2800 2798 2801
2766 2782 2749
2792 2920 2793
2796 2921 2922
2923 2922 2921
2924 2914 2913
2830 2925 2831
2836 2827 2826
2926 2927 2861
2863 2867 2869
2868 2928 2929
2930 2901 2931
2932 2901 2918
2930 2805 2901
2901 2902 2918
2933 2934 2935
2936 2937 2938
2938 2939 2940
2940 2939 2941
2942 2758 2786
2943 2786 2762
2943 2762 2761
2841 2944 2840
2842 2788 2787
2854 2892 2877
2877 2850 2890
2890 2881 2773
2773 2756 2840
2892 2850 2877
2850 2881 2890
2881 2756 2773
2773 2840 2774
2844 2890 2773
2876 2877 2890
2902 2945 2874
2902 2874 2918
2944 2841 2934
2946 2787 2937
2944 2933 2774
2937 2771 2759
2937 2759 2939
2939 2758 2941
2939 2759 2758
2787 2771 2937
2938 2937 2939
2936 2946 2937
2934 2946 2935
2843 2946 2934
2842 2787 2843
2901 2932 2931
2755 2842 2839
2839 2841 2840
2839 2842 2841
2842 2755 2802
2944 2774 2840
2841 2843 2934
2843 2787 2946
2946 2936 2935
2933 2944 2934
2763 2750 2782
2781 2782 2766
2764 2903 2765
2799 2923 2947
2948 2926 2949
2917 2825 2814
2917 2814 2813
2950 2951 2916
2915 2950 2916
2951 2952 2904
2858 2764 2766
1770 1769 2953
1770 2953 1782
2954 1716 1755
1770 1783 1789
1728 1716 1733
2160 2147 2158
2145 2147 2160
2486 2518 2503
2518 2517 2503
2484 2955 2521
2956 1765 1764
2957 1765 2956
1737 1736 1765
1792 1791 1820
1820 1822 1818
2958 1765 2957
1737 1765 2958
1820 2959 1821
1820 1791 2959
1725 1762 1767
1725 1767 1765
1816 1781 1823
1823 1781 1820
1741 1743 1715
1744 1741 1759
1745 1746 1739
1747 1745 1722
1748 1747 1718
1749 1748 1718
1750 1749 1725
1743 1751 1716
1751 1752 1716
1752 1753 1733
1754 1750 1765
1746 1763 1730
1753 1754 1735
1763 1744 1761
1796 1798 1775
1798 1799 1813
1800 1801 1795
1801 1802 1778
1802 1803 1773
1803 1804 1773
1804 1805 1781
1806 1796 1770
1807 1806 1770
1808 1807 1789
1805 1809 1820
1817 1800 1786
1809 1808 1792
1799 1817 1814
1714 1716 2954
1739 1729 1740
1739 1723 1722
1722 1719 1718
1717 1725 1718
1768 1770 1775
1795 1784 1786
1795 1777 1793
1778 1772 1776
1771 1781 1780
1824 1826 1934
1825 1828 1826
1831 1830 1888
1824 1833 1825
1827 1833 1924
1829 1835 1830
1841 1843 1891
1846 1845 1847
1848 1847 1931
1851 1850 1899
1857 1859 1898
1865 1867 2960
1869 1866 1865
1872 1871 1949
1873 1872 1950
1875 1850 1886
1883 1871 1870
1885 1870 1873
1887 1886 1907
1881 1889 1909
1830 1890 2961
1892 1843 1915
1893 1895 1940
1894 1897 1895
1898 1900 1857
1901 1859 1869
1867 1902 1946
1866 1858 1902
1903 1850 1849
1891 1905 1841
1906 1908 1911
1896 1842 1897
1915 1896 1919
1919 1894 1928
1838 1921 1836
1840 1920 1838
1923 1891 1892
1920 1832 1921
1924 1920 1922
1904 1834 1905
1890 1904 1923
1928 1893 2962
1847 1884 1883
1931 1883 1885
1932 1907 1906
1903 1907 1886
1934 1877 1876
1826 1879 1877
1880 1888 1881
1889 1830 2961
1893 1936 2962
1925 1938 1927
1927 1939 1929
1940 1935 1893
1867 1945 2960
2963 2964 2965
1851 1898 1901
1854 1949 1852
1950 1854 1856
1874 1899 1850
1957 1959 1977
1962 1961 1987
1963 1965 2966
1975 1963 2966
1978 1977 1979
1972 1951 1973
1980 1979 1960
1981 1954 1956
1988 1989 1990
1982 1976 1975
1994 1995 1996
1999 2001 2003
2003 2002 2008
2005 2004 2010
1999 2007 2102
2008 2007 2003
2010 2011 2104
2017 2019 2092
2021 2020 2114
2023 2022 2021
2026 2025 2083
2033 2035 2081
2041 2043 2046
2045 2046 2035
2048 2047 2062
2050 2048 2062
2052 2025 2127
2061 2047 2112
2063 2062 2061
2064 2053 2052
2060 2067 2006
2004 2069 2011
2070 2019 2018
2072 2074 2075
2075 2076 2093
2034 2077 2027
2078 2035 2034
2043 2080 2046
2046 2081 2035
2082 2025 2053
2018 2084 2105
2085 2087 2065
2093 2092 2019
2071 2093 2019
2094 2075 2093
2013 2099 2100
2015 2100 2103
2101 2018 2105
2100 2102 2007
2009 2100 2007
2105 2104 2011
2069 2105 2011
2098 2072 2075
2022 2112 2020
2024 2061 2022
2113 2065 2064
2082 2065 2087
2000 2056 2001
2001 2057 2002
2058 2006 2005
2067 2004 2006
2072 2116 2119
2106 2117 2967
2108 2118 2117
2073 2119 2968
2043 2122 2969
2079 2969 2970
2026 2034 2027
2029 2049 2048
2051 2029 2048
2127 2027 2077
2134 2136 2163
2138 2137 2155
2140 2142 2175
2151 2140 2171
2152 2135 2134
2148 2128 2130
2154 2153 2152
2156 2131 2170
2164 2166 2137
2170 2171 2156
2172 2174 2175
2179 2178 2213
2183 2182 2971
2186 2185 2972
2190 2192 2196
2195 2194 2210
2187 2192 2188
2197 2186 2972
2180 2200 2178
2201 2203 2209
2204 2206 2219
2191 2183 2971
2209 2208 2201
2211 2210 2218
2212 2205 2217
2194 2208 2207
2213 2202 2179
2184 2199 2185
2197 2181 2198
2214 2216 2220
2214 2217 2215
2219 2218 2204
2224 2223 2241
2226 2225 2260
2229 2228 2259
2234 2236 2249
2238 2237 2973
2231 2236 2235
2240 2229 2261
2241 2242 2258
2243 2245 2257
2246 2248 2253
2249 2226 2234
2244 2250 2256
2251 2239 2238
2254 2253 2248
2237 2250 2973
2222 2257 2245
2259 2258 2242
2240 2260 2225
2262 2264 2265
2262 2255 2254
2247 2252 2251
2267 2269 2284
2272 2271 2273
2274 2273 2303
2277 2276 2278
2279 2278 2290
2280 2282 2297
2283 2284 2294
2285 2287 2288
2289 2288 2300
2279 2291 2292
2294 2281 2283
2297 2296 2280
2300 2299 2289
2298 2270 2299
2303 2302 2274
2304 2275 2305
2301 2305 2302
2295 2286 2296
2307 2309 2346
2311 2310 2336
2313 2312 2311
2316 2315 2339
2318 2317 2316
2320 2322 2333
2323 2308 2307
2325 2327 2343
2328 2326 2325
2318 2331 2319
2324 2333 2322
2321 2334 2344
2329 2335 2337
2337 2336 2310
2314 2338 2342
2340 2339 2315
2342 2341 2340
2344 2343 2327
2358 2360 2974
2361 2357 2365
2364 2363 2369
2359 2366 2975
2370 2369 2363
2371 2359 2975
2358 2365 2359
2367 2365 2357
2375 2374 2348
2371 2369 2360
2360 2368 2974
2376 2374 2373
2377 2381 2383
2375 2347 2386
2386 2354 2387
2387 2351 2388
2391 2390 2409
2392 2394 2415
2397 2396 2412
2405 2404 2414
2408 2407 2418
2410 2409 2420
2413 2414 2435
2392 2416 2976
2409 2417 2421
2419 2418 2423
2420 2421 2434
2395 2426 2425
2400 2416 2401
2415 2428 2533
2418 2429 2431
2416 2430 2534
2423 2431 2433
2432 2416 2535
2407 2393 2429
2414 2434 2421
2435 2421 2417
2406 2394 2407
2447 2449 2455
2450 2445 2444
2453 2452 2469
2455 2457 2451
2459 2454 2464
2460 2455 2449
2447 2451 2450
2458 2451 2457
2463 2462 2466
2460 2454 2453
2449 2464 2454
2465 2462 2472
2472 2471 2465
2463 2436 2438
2477 2442 2436
2478 2441 2442
2481 2480 2513
2483 2485 2529
2487 2486 2503
2495 2494 2520
2498 2497 2530
2500 2482 2481
2504 2496 2495
2483 2507 2484
2482 2509 2480
2510 2499 2498
2501 2508 2482
2486 2516 2518
2519 2518 2516
2520 2516 2495
2491 2507 2977
2484 2522 2485
2499 2526 2497
2484 2524 2955
2511 2525 2499
2528 2507 2493
2497 2529 2485
2496 2512 2494
2505 2508 2496
2530 2485 2522
2531 2403 2405
2396 2531 2413
2531 2426 2532
2537 2539 2627
2543 2545 2707
2549 2551 2573
2552 2538 2620
2553 2539 2552
2544 2557 2696
2550 2559 2551
2568 2567 2689
2549 2571 2580
2572 2573 2619
2575 2567 2566
2577 2579 2709
2549 2581 2550
2577 2583 2578
2586 2585 2742
2558 2581 2680
2588 2590 2626
2593 2592 2621
2594 2596 2682
2599 2598 2978
2602 2601 2603
2604 2603 2697
2683 2979 2684
2598 2610 2978
2612 2614 2719
2615 2617 2716
2557 2618 2698
2572 2537 2571
2619 2538 2572
2593 2622 2980
2616 2623 2718
2540 2539 2541
2634 2633 2676
2635 2637 2664
2639 2638 2667
2641 2564 2679
2639 2643 2640
2646 2554 2689
2649 2648 2722
2650 2576 2981
2652 2651 2723
2656 2655 2708
2657 2543 2707
2659 2632 2634
2639 2663 2642
2664 2665 2677
2667 2662 2639
2662 2676 2663
2666 2634 2662
2546 2665 2547
2635 2564 2636
2597 2682 2598
2982 2983 2984
2686 2593 2980
2596 2591 2593
2568 2554 2741
2600 2691 2601
2650 2689 2567
2694 2693 2706
2696 2576 2575
2654 2697 2985
2576 2698 2981
2588 2621 2592
2701 2700 2715
2707 2669 2668
2671 2708 2672
2674 2707 2668
2583 2711 2714
2712 2714 2711
2715 2613 2701
2719 2623 2612
2720 2648 2647
2723 2722 2652
2590 2725 2687
2573 2737 2619
2619 2738 2620
2658 2688 2632
2742 2713 2712
2692 2721 2720
2610 2699 2978
2699 2599 2978
2690 2744 2691
2745 2747 2760
2751 2753 2768
2757 2759 2770
2761 2760 2747
2763 2747 2750
2768 2767 2751
2770 2771 2788
2779 2778 2790
2757 2784 2785
2785 2758 2757
2789 2778 2866
2791 2793 2795
2757 2794 2783
2791 2796 2986
2798 2797 2801
2788 2794 2770
2803 2805 2987
2807 2806 2900
2809 2811 2988
2813 2812 2895
2816 2815 2905
2818 2817 2816
2810 2899 2811
2812 2825 2989
2826 2828 2924
2829 2831 2837
2767 2832 2751
2785 2745 2760
2786 2760 2762
2807 2835 2808
2837 2836 2829
2748 2747 2746
2846 2845 2874
2848 2850 2892
2853 2852 2856
2854 2777 2892
2853 2857 2879
2860 2764 2859
2862 2861 2927
2864 2866 2778
2869 2868 2929
2871 2870 2910
2873 2751 2832
2875 2874 2945
2853 2878 2882
2849 2881 2850
2851 2882 2891
2882 2847 2846
2891 2846 2875
2754 2881 2880
2848 2777 2776
2895 2810 2809
2990 2823 2822
2899 2807 2811
2811 2900 2988
2779 2764 2780
2905 2904 2952
2864 2780 2860
2907 2906 2948
2769 2866 2767
2910 2819 2818
2866 2833 2767
2803 2808 2804
2913 2912 2917
2752 2885 2753
2886 2872 2871
2889 2752 2873
2796 2922 2986
2923 2921 2947
2914 2924 2828
2827 2836 2838
2926 2861 2949
2867 2863 2862
2805 2930 2987
2758 2942 2941
2786 2943 2942
2945 2902 2894
2799 2947 2797
2948 2949 2907
2825 2917 2912
2917 2813 2915
2952 2951 2950
2503 2517 2502
1741 1715 1756
1759 1741 1756
1739 1746 1730
1722 1745 1739
1718 1747 1722
1749 1718 1725
1750 1725 1765
1743 1716 1715
1716 1752 1733
1733 1753 1735
1754 1765 1736
1730 1763 1761
1735 1754 1736
1761 1744 1759
1775 1798 1810
1798 1813 1810
1800 1795 1786
1801 1778 1795
1802 1773 1778
1773 1804 1781
1781 1805 1820
1770 1796 1775
1807 1770 1789
1808 1789 1790
1820 1809 1792
1817 1786 1814
1792 1808 1790
1799 1814 1813
