byte offset: 0
first index: 12720
index count: 1710
topology: trianglelist
format: DXGI_FORMAT_R16_UINT

2991 2992 2993
2994 2995 2991
2996 2997 2998
2999 3000 3001
3002 3003 3004
3005 3006 3007
3008 3009 3010
3011 3012 3013
3014 3015 3016
3017 2992 2995
3008 3018 3019
2997 3020 2998
3021 3022 3023
3024 3025 3026
3027 3028 3029
3030 3031 3032
3033 3006 3034
3035 3036 3037
3038 3039 3040
3041 3042 3043
3044 3045 3046
3045 3047 3048
3049 3050 3051
3052 3053 3054
3046 3055 3044
3056 3057 3055
3048 3049 3051
3058 3059 3060
3061 3062 3063
3000 3031 3001
3032 3064 3030
3065 3066 3014
3066 3067 3011
3068 3037 3069
3070 3002 3035
3065 3014 3016
3071 3016 3072
3068 3069 3067
3022 3073 3074
3075 3021 3023
3076 3077 3078
2991 2993 3079
3017 2995 3080
3028 3017 3081
3009 3019 3082
2998 3033 3034
3083 3005 3003
3082 3084 3085
2999 3008 3010
3078 3077 3024
3079 2993 3076
3080 2995 2994
3074 2997 2996
2999 3086 3000
3002 3070 3003
3005 3083 3006
3019 3009 3008
3030 3087 3088
3072 3015 3030
3013 3012 3014
3011 3089 3012
3002 3090 3091
3014 3012 3015
3016 3015 3072
3069 3089 3011
3004 3092 3090
3005 3092 3004
3001 3087 3093
3073 3094 2997
3075 3095 3021
3076 3096 3077
3091 3090 3089
3017 3097 2992
3028 3097 3017
2998 3020 3033
3033 3020 3007
3082 3018 3084
2999 3093 3008
3008 3093 3018
3077 3098 3024
2993 3096 3076
2995 2992 2991
2997 3094 3020
3019 3018 3082
3015 3099 3087
3089 3100 3012
3090 3101 3089
3012 3100 3099
3092 3102 3101
3087 3103 3093
3096 3104 3098
2992 3105 3106
3097 3105 2992
3020 3102 3092
3018 3107 3097
3093 3103 3107
3094 3108 3020
3099 3109 3103
3101 3109 3100
3100 3109 3099
3102 3109 3101
3104 3109 3110
3105 3109 3106
3107 3109 3105
3103 3109 3107
3108 3109 3102
3073 3022 3021
3021 3095 3073
3095 3110 3108
3110 3109 3108
3110 3095 3098
3095 3075 3024
3075 3025 3024
3098 3104 3110
3020 3108 3102
3095 3108 3094
3089 3101 3100
3092 3101 3090
3087 3099 3103
3012 3099 3015
3097 3107 3105
3093 3107 3018
3096 3106 3104
3106 3109 3104
2992 3106 3096
3004 3090 3002
3036 3089 3069
2993 2992 3096
3077 3096 3098
3095 3024 3098
3073 3095 3094
3027 3084 3028
3084 3097 3028
3084 3018 3097
3088 3031 3030
3088 3087 3001
3030 3015 3087
3001 3093 2999
3007 3006 3033
3007 3020 3092
3007 3092 3005
3035 3091 3036
3111 3112 3113
3091 3089 3036
3114 3115 3116
3117 3118 3119
3120 3121 3117
3122 3123 3124
3125 3126 3127
3128 3129 3123
3130 3131 3132
3112 3133 3113
3115 3111 3116
3134 3119 3118
3135 3136 3058
3130 3040 3137
3053 3138 3054
3139 3140 3141
3132 3122 3124
3047 3142 3143
3044 3144 3142
3117 3145 3146
3132 3147 3148
3136 3149 3150
3063 3060 3059
3133 3151 3061
3039 3038 3152
3042 3041 3057
3045 3044 3153
3045 3153 3047
3050 3049 3154
3053 3052 3155
3046 3056 3055
3056 3042 3057
3049 3048 3047
3059 3058 3136
3061 3151 3062
3111 3156 3112
3114 3134 3115
3117 3121 3118
3120 3157 3121
3122 3128 3123
3125 3135 3126
3139 3138 3158
3129 3128 3159
3130 3137 3131
3112 3160 3133
3115 3156 3111
3119 3134 3114
3136 3135 3125
3130 3038 3040
3053 3158 3138
3139 3161 3140
3122 3132 3131
3041 3152 3162
3057 3041 3144
3153 3044 3142
3047 3153 3142
3053 3155 3163
3044 3055 3144
3055 3057 3144
3049 3047 3143
3158 3163 3164
3139 3158 3164
3038 3148 3162
3059 3136 3150
3061 3063 3165
3111 3113 3166
3114 3116 3145
3117 3119 3145
3120 3117 3146
3125 3127 3149
3127 3161 3149
3123 3129 3147
3130 3132 3148
3132 3124 3147
3113 3133 3167
3116 3111 3166
3119 3114 3145
3136 3125 3149
3124 3123 3147
3144 3162 3168
3143 3142 3169
3163 3143 3170
3142 3168 3169
3164 3170 3171
3162 3148 3172
3166 3167 3173
3145 3174 3175
3146 3145 3175
3149 3164 3171
3147 3146 3176
3148 3176 3172
3150 3149 3177
3168 3172 3178
3170 3169 3178
3169 3168 3178
3171 3170 3178
3173 3179 3178
3175 3174 3178
3176 3175 3178
3172 3176 3178
3177 3171 3178
3060 3063 3062
3063 3059 3165
3165 3177 3179
3179 3177 3178
3179 3167 3165
3165 3133 3061
3151 3133 3160
3167 3179 3173
3149 3171 3177
3165 3150 3177
3143 3169 3170
3164 3163 3170
3162 3172 3168
3142 3144 3168
3146 3175 3176
3148 3147 3176
3166 3173 3174
3174 3173 3178
3145 3166 3174
3158 3053 3163
3154 3049 3143
3116 3166 3145
3113 3167 3166
3165 3167 3133
3059 3150 3165
3159 3157 3120
3129 3120 3146
3129 3146 3147
3039 3041 3043
3152 3038 3162
3041 3162 3144
3038 3130 3148
3140 3127 3126
3161 3164 3149
3161 3139 3164
3052 3050 3154
3155 3143 3163
3155 3154 3143
3159 3120 3129
3041 3039 3152
3127 3140 3161
3052 3154 3155
3138 3139 3141
3001 3031 3088
3030 3064 3072
3014 3066 3013
3066 3011 3013
3069 3037 3036
3035 3002 3091
3065 3016 3071
3071 3072 3064
3067 3069 3011
3074 3073 2997
3075 3023 3025
3076 3078 3180
2991 3079 2994
3017 3080 3081
3028 3081 3029
3009 3082 3085
2998 3034 2996
3003 3005 3004
3085 3084 3027
2999 3010 3086
3078 3024 3026
3079 3076 3180
3181 3182 3183
3183 3184 3185
3186 3187 3183
3188 3189 3183
3190 3191 3183
3192 3193 3194
3195 3196 3183
3197 3198 3183
3199 3200 3183
3201 3183 3202
3202 3183 3203
3197 3183 3201
3186 3183 3198
3188 3183 3187
3190 3183 3189
3204 3183 3191
3205 3183 3204
3199 3183 3205
3206 3183 3200
3207 3183 3206
3183 3208 3209
3183 3209 3210
3211 3183 3210
3181 3183 3185
3195 3183 3182
3196 3212 3183
3184 3183 3213
3212 3214 3183
3183 3214 3203
3215 3216 3217
3218 3219 3193
3220 3221 3193
3222 3223 3193
3221 3222 3193
3224 3193 3225
3220 3193 3219
3226 3193 3227
3228 3193 3229
3192 3230 3193
3231 3193 3232
3215 3217 3233
3218 3217 3216
3227 3193 3234
3226 3229 3193
3228 3235 3193
3236 3237 3193
3193 3237 3238
3193 3238 3194
3230 3225 3193
3224 3239 3193
3239 3240 3193
3240 3232 3193
3231 3233 3217
3193 3235 3241
3236 3193 3242
3241 3242 3193
3234 3193 3243
3193 3223 3243
3207 3208 3183
3211 3213 3183
3244 3245 3246
3247 3248 3249
3250 3248 3245
3251 3252 3253
3254 3252 3255
3251 3256 3257
3258 3259 3247
3254 3260 3261
3262 3263 3264
3265 3266 3267
3268 3269 3270
3271 3272 3273
3269 3273 3272
3274 3275 3276
3244 3246 3262
3268 3277 3265
3276 3278 3279
3268 3270 3277
3271 3273 3280
3269 3272 3270
3274 3276 3281
3278 3276 3275
3281 3267 3274
3282 3280 3283
3278 3284 3279
3264 3263 3256
3265 3267 3285
3262 3246 3263
3244 3250 3245
3247 3259 3248
3250 3249 3248
3251 3257 3252
3253 3252 3254
3264 3256 3251
3258 3286 3259
3254 3255 3260
3285 3267 3281
3282 3271 3280
3278 3287 3284
3265 3277 3266
3288 3289 3290
3291 3292 3293
3294 3295 3296
3297 3298 3299
3300 3301 3302
3303 3304 3305
3304 3306 3307
3308 3309 3310
3310 3311 3312
3312 3291 3293
3307 3306 3308
3302 3301 3313
3291 3312 3311
3314 3292 3315
3308 3306 3316
3313 3301 3303
3290 3289 3300
3288 3317 3289
3293 3292 3314
3295 3294 3315
3318 3319 3320
3297 3299 3317
3314 3315 3294
3303 3305 3313
3304 3307 3305
3309 3308 3316
3311 3310 3309
3300 3302 3290
3297 3317 3288
3321 3322 3323
3324 3325 3326
3327 3328 3329
3330 3331 3332
3333 3319 3318
3334 3335 3333
3332 3331 3334
3336 3337 3338
3329 3328 3337
3326 3325 3339
3340 3341 3342
3323 3322 3343
3344 3320 3321
3341 3345 3324
3345 3341 3340
3320 3344 3318
3343 3322 3346
3340 3342 3347
3326 3339 3327
3329 3337 3336
3336 3338 3330
3334 3331 3335
3333 3335 3319
3331 3330 3338
3328 3327 3339
3325 3324 3345
3321 3323 3344
3348 3349 3350
3351 3352 3353
3348 3354 3349
3355 3356 3354
3357 3358 3356
3359 3351 3358
3360 3352 3361
3362 3363 3364
3365 3366 3367
3368 3369 3370
3371 3372 3369
3373 3362 3372
3374 3375 3376
3377 3378 3379
3380 3381 3382
3383 3384 3380
3385 3386 3387
3388 3389 3390
3391 3392 3388
3393 3394 3391
3395 3396 3397
3398 3399 3400
3401 3397 3402
3396 3395 3403
3404 3405 3406
3355 3354 3348
3377 3379 3407
3408 3378 3409
3386 3410 3387
3411 3412 3413
3357 3356 3355
3359 3358 3357
3414 3351 3359
3353 3352 3360
3360 3361 3415
3416 3363 3362
3365 3367 3417
3418 3366 3365
3371 3369 3368
3373 3372 3371
3416 3362 3373
3364 3363 3419
3375 3374 3420
3366 3418 3370
3421 3422 3423
3424 3425 3426
3424 3427 3428
3429 3430 3431
3432 3431 3433
3434 3435 3436
3437 3433 3438
3439 3438 3440
3440 3441 3439
3430 3421 3423
3442 3374 3376
3370 3418 3368
3384 3383 3443
3444 3409 3435
3434 3436 3445
3393 3403 3394
3398 3446 3399
3390 3447 3448
3449 3450 3385
3451 3452 3449
3442 3419 3374
3375 3420 3453
3454 3421 3430
3441 3440 3455
3437 3438 3439
3429 3431 3432
3454 3430 3429
3422 3427 3424
3441 3455 3456
3364 3419 3442
3425 3424 3428
3427 3422 3421
3414 3352 3351
3432 3433 3437
3412 3411 3457
3386 3385 3450
3450 3449 3452
3452 3451 3458
3458 3412 3457
3459 3411 3413
3379 3378 3408
3407 3460 3404
3406 3405 3443
3404 3460 3405
3407 3379 3460
3408 3409 3444
3435 3434 3461
3443 3383 3406
3444 3435 3461
3394 3403 3462
3446 3398 3448
3448 3447 3446
3390 3389 3447
3388 3392 3389
3391 3394 3392
3397 3396 3402
3397 3401 3463
3403 3395 3462
3412 3458 3451
3411 3459 3464
3459 3465 3464
3380 3384 3381
