byte offset: 0
first index: 0
index count: 7302
topology: trianglelist
format: DXGI_FORMAT_R16_UINT

0 1 2
3 4 0
5 6 7
8 9 7
8 7 3
10 7 9
8 3 0
8 0 11
11 0 2
11 2 12
13 14 12
13 12 2
14 13 15
16 17 18
16 18 19
20 21 19
20 19 18
22 19 21
22 21 23
19 22 24
19 24 16
17 16 15
25 15 16
25 16 24
26 14 15
26 15 25
27 12 14
28 12 27
29 11 28
28 11 12
14 26 27
30 28 27
30 27 31
32 29 28
32 28 30
29 8 11
29 33 8
34 9 35
36 37 35
38 33 29
38 29 32
38 35 33
33 35 8
39 36 38
39 38 32
39 32 40
41 40 42
41 42 43
41 43 44
44 43 45
44 45 46
46 45 47
46 47 48
48 47 49
48 49 50
49 25 24
49 24 51
51 24 22
51 22 52
52 22 23
52 23 53
53 23 54
53 54 55
55 54 56
55 56 57
57 56 58
57 58 59
59 58 60
59 60 61
9 8 35
26 31 27
42 30 43
43 31 45
26 47 45
26 45 31
25 49 47
25 47 26
50 49 51
50 51 62
62 51 52
62 52 63
63 52 53
63 53 64
65 64 53
65 53 55
66 65 55
66 55 57
67 66 57
67 57 59
61 68 67
61 67 59
43 30 31
32 30 42
40 32 42
68 61 69
68 69 70
69 61 60
71 46 48
71 48 72
46 71 73
46 73 44
74 41 44
74 44 73
75 40 41
75 41 74
75 76 39
75 39 40
36 39 76
72 48 50
72 50 77
78 77 62
38 36 35
63 78 62
36 79 37
79 36 76
79 76 80
80 76 75
80 75 81
81 75 74
81 74 82
82 74 73
82 73 83
71 84 83
71 83 73
84 71 72
84 72 85
85 72 77
85 77 86
86 77 78
86 78 87
63 88 78
64 88 63
89 90 64
89 64 65
89 65 66
89 66 91
91 66 67
91 67 92
92 67 68
92 68 93
93 68 70
13 17 15
6 4 3
6 3 7
4 1 0
4 6 94
4 94 95
1 4 95
1 95 96
10 9 34
10 34 97
34 98 99
34 99 97
10 5 7
62 77 50
100 101 102
100 102 103
104 105 106
104 106 103
107 106 105
107 105 108
109 110 102
109 102 111
112 113 109
112 109 111
114 115 113
114 113 112
116 117 107
118 119 120
118 120 116
119 121 122
119 122 120
121 123 124
121 124 122
123 125 126
123 126 124
127 128 126
127 126 125
129 130 128
129 128 127
131 132 133
134 135 113
134 113 115
135 136 109
135 109 113
136 137 110
136 110 109
137 138 104
137 104 110
138 139 105
138 105 104
139 140 108
139 108 105
140 141 118
140 118 108
141 142 119
141 119 118
142 143 121
142 121 119
143 144 123
143 123 121
144 145 125
144 125 123
146 127 125
146 125 145
147 129 127
147 127 146
148 133 149
148 149 150
139 138 151
139 151 152
153 151 138
153 138 137
154 153 137
154 137 136
154 136 135
155 135 134
155 134 156
157 158 155
157 155 156
155 159 154
155 154 135
158 160 159
158 159 155
161 162 159
161 159 160
153 154 159
153 159 162
163 164 162
163 162 161
151 153 162
151 162 164
165 166 164
165 164 163
164 166 152
164 152 151
167 166 168
167 152 166
169 139 152
169 167 170
169 170 171
171 170 172
171 172 173
174 175 173
174 173 172
176 177 178
176 178 179
180 177 176
168 181 170
168 170 167
181 182 172
181 172 170
182 183 174
182 174 172
184 185 176
184 176 179
180 176 185
168 166 165
186 101 100
186 100 187
186 188 101
100 189 190
100 190 187
117 191 190
117 190 189
116 192 191
116 191 117
193 192 116
194 193 120
195 194 122
196 195 122
196 122 124
197 196 124
197 124 126
126 128 198
126 198 197
199 198 128
199 128 130
131 133 148
131 200 132
201 202 190
201 190 191
203 204 202
203 202 201
205 202 204
205 204 206
186 205 206
186 206 207
188 186 207
188 207 208
191 192 209
191 209 201
210 203 201
210 201 209
211 209 192
211 192 212
213 210 209
213 209 211
214 211 212
214 212 215
216 213 211
216 211 214
217 214 215
217 215 218
219 216 214
219 214 217
218 220 221
218 221 217
217 221 222
217 222 219
220 223 224
220 224 221
221 224 225
221 225 222
226 224 223
226 223 227
224 226 228
224 228 225
229 228 226
114 230 231
114 231 232
115 233 134
232 231 234
232 234 235
236 237 233
234 238 235
239 240 236
241 188 208
242 212 192
242 192 243
244 245 243
244 243 192
246 245 244
246 244 247
248 246 247
249 215 212
249 212 242
249 250 218
249 218 215
220 218 250
220 250 251
252 223 220
252 220 251
253 227 223
253 223 252
194 254 193
186 187 205
205 187 190
205 190 202
143 142 254
143 254 255
256 144 143
256 143 255
257 145 144
257 144 256
258 146 145
258 145 257
259 147 146
259 146 258
260 150 147
260 147 259
148 261 131
262 149 133
262 133 132
262 132 200
262 200 263
193 254 264
264 265 244
264 244 192
157 266 158
267 160 266
268 161 160
268 160 267
269 163 161
269 161 268
270 165 163
270 163 269
271 168 165
271 165 270
272 181 168
272 168 271
272 273 182
272 182 181
273 274 183
273 183 182
275 185 184
275 184 276
103 102 110
103 110 104
103 106 189
103 189 100
106 107 117
106 117 189
111 102 101
111 101 188
241 112 111
241 111 188
230 114 112
230 112 241
114 232 233
232 235 236
235 238 239
116 107 118
118 107 108
235 239 236
244 265 277
244 277 247
246 248 206
246 206 204
204 203 245
204 245 246
227 229 226
253 229 227
253 228 229
253 252 225
253 225 228
252 251 222
252 222 225
251 250 219
251 219 222
249 216 219
249 219 250
249 242 213
249 213 216
242 243 210
242 210 213
243 245 203
243 203 210
241 278 279
241 279 230
206 248 280
206 280 207
207 280 281
207 281 208
230 279 282
230 282 231
231 282 283
231 283 234
208 281 278
208 278 241
264 192 193
255 194 195
196 256 255
196 255 195
197 257 256
197 256 196
198 258 257
198 257 197
199 259 258
199 258 198
261 260 263
261 263 200
142 141 264
142 264 254
265 264 141
265 141 140
277 265 140
284 277 139
284 139 285
286 287 288
286 288 289
290 287 286
289 288 284
289 284 285
290 286 267
290 267 291
270 292 293
270 293 271
275 180 185
275 177 180
178 276 274
178 274 175
175 274 273
175 273 173
173 273 272
173 272 171
171 272 271
171 271 293
270 269 285
270 285 292
289 285 269
289 269 268
286 289 268
286 268 267
171 293 169
293 292 139
293 139 169
292 285 139
277 140 139
277 284 248
277 248 247
248 284 288
248 288 280
280 288 287
280 287 281
278 290 279
290 278 281
290 281 287
279 290 294
294 290 291
131 261 200
150 149 129
150 129 147
150 260 261
150 261 148
130 129 149
130 149 262
130 262 263
130 263 199
199 263 260
199 260 259
179 178 175
179 175 174
183 184 179
183 179 174
274 276 184
274 184 183
177 275 276
177 276 178
193 116 120
194 120 122
255 254 194
169 152 167
295 157 156
267 266 291
291 266 157
291 157 294
266 160 158
295 156 134
295 134 233
236 240 237
233 237 295
114 233 115
232 236 233
35 37 34
37 98 34
37 79 98
296 297 298
296 298 299
299 298 300
299 300 301
302 303 304
302 304 305
306 307 302
308 309 307
308 307 306
297 296 305
297 305 304
301 300 310
301 310 311
311 310 312
311 312 313
313 312 314
313 314 315
315 314 316
315 316 317
317 316 318
317 318 319
319 318 320
319 320 321
321 320 322
321 322 323
324 323 322
325 326 303
325 303 307
326 327 304
326 304 303
327 328 297
327 297 304
329 298 297
329 297 328
330 300 298
330 298 329
331 310 300
331 300 330
332 312 310
332 310 331
333 314 312
333 312 332
334 316 314
334 314 333
316 334 335
316 335 318
318 335 336
318 336 320
320 336 337
320 337 322
338 330 329
338 329 339
331 330 338
331 338 340
311 313 340
339 329 328
339 328 341
341 328 327
309 325 307
342 343 326
342 326 325
344 345 343
344 343 342
346 347 344
346 344 342
309 346 342
309 342 325
348 349 350
349 308 350
302 351 306
351 352 350
351 350 306
353 354 348
353 348 350
352 353 350
302 305 355
302 355 351
355 356 352
355 352 351
356 357 353
356 353 352
357 358 354
357 354 353
305 296 359
305 359 355
341 296 299
341 299 339
360 359 296
360 296 361
341 362 361
341 361 296
360 361 363
360 363 364
361 365 363
366 365 361
366 361 362
367 360 364
367 364 368
369 370 364
369 364 363
371 369 363
371 363 365
372 373 369
372 369 371
374 370 369
373 374 369
375 373 376
375 376 377
377 376 378
377 378 379
379 378 380
379 380 381
381 380 382
381 382 383
384 385 386
384 386 387
388 385 384
389 376 373
389 373 372
390 378 376
390 376 389
378 390 391
378 391 380
380 391 392
380 392 382
393 384 387
393 387 394
366 395 371
366 371 365
371 395 396
371 396 372
397 398 372
397 372 396
399 400 398
399 398 397
401 402 400
401 400 399
403 404 405
403 405 406
403 406 407
403 407 408
409 408 407
410 411 362
410 362 341
412 410 341
412 341 327
412 413 414
412 414 410
415 411 410
415 410 414
343 345 413
343 413 412
327 326 343
327 343 412
416 411 415
416 415 417
418 419 416
418 416 417
420 421 419
420 419 418
422 397 421
423 399 397
423 397 422
424 401 399
424 399 423
425 406 405
425 405 426
427 407 406
427 406 425
370 428 368
370 368 364
429 430 368
374 431 428
374 428 370
375 432 431
375 431 374
377 433 432
377 432 375
433 377 379
433 379 434
434 379 381
434 381 435
383 436 435
383 435 381
437 438 386
437 386 385
439 367 368
439 368 440
441 367 439
441 359 360
441 360 367
359 441 356
359 356 355
441 442 357
441 357 356
439 443 442
439 442 441
440 444 439
445 444 440
446 447 440
446 440 368
447 445 440
448 449 447
448 447 446
449 450 451
449 451 447
452 453 449
452 449 448
453 454 450
453 450 449
455 456 453
455 453 452
456 457 454
456 454 453
457 456 458
457 458 459
460 458 456
460 456 455
461 458 460
461 460 462
463 461 462
459 458 461
459 461 464
463 464 461
442 465 358
442 358 357
443 466 465
443 465 442
444 467 466
444 466 443
445 468 467
445 467 444
451 469 468
451 468 445
450 470 469
450 469 451
470 450 454
470 454 471
457 472 471
457 471 454
472 457 459
472 459 473
473 459 464
473 464 474
368 428 429
430 475 467
476 465 466
476 466 475
465 476 477
465 477 358
478 354 358
478 358 477
479 348 354
479 354 478
480 349 348
480 348 479
481 482 476
481 476 475
483 484 413
483 413 345
485 483 345
485 345 344
486 485 344
486 344 347
487 481 475
487 475 430
487 430 429
488 487 429
488 429 428
431 489 488
431 488 428
489 389 372
490 491 481
490 481 487
482 481 491
492 490 487
492 487 488
489 493 492
489 492 488
398 494 489
400 495 494
400 494 398
402 496 495
402 495 400
403 497 498
403 498 404
499 332 331
499 331 340
301 338 339
301 339 299
301 340 338
301 311 340
489 431 432
389 489 432
389 432 433
393 394 438
393 438 437
437 385 388
393 437 388
388 384 393
392 391 435
392 435 436
391 390 434
391 434 435
390 389 433
390 433 434
414 413 484
414 484 482
482 491 415
482 415 414
497 403 408
497 408 500
409 427 500
409 407 427
500 408 409
427 425 497
427 497 500
425 426 498
425 498 497
424 423 495
424 495 496
423 422 494
423 494 495
422 420 493
422 493 494
492 493 420
492 420 418
418 417 490
418 490 492
417 415 491
417 491 490
494 493 489
315 499 313
323 324 337
324 322 337
323 337 336
323 336 321
319 321 336
319 336 335
317 319 335
317 335 334
315 317 501
501 333 499
333 332 499
430 502 368
474 464 463
463 462 503
462 460 504
462 504 503
472 473 505
505 455 452
505 452 506
506 452 448
506 448 507
507 448 446
507 446 508
446 368 502
446 502 508
430 467 502
502 468 508
508 469 470
508 470 507
507 470 471
507 471 506
506 471 472
506 472 505
504 460 505
460 455 505
505 473 504
504 473 474
504 474 503
503 474 463
416 366 362
416 362 411
419 395 366
419 366 416
421 396 395
421 395 419
373 375 374
387 386 383
387 383 382
394 387 382
394 382 392
438 436 383
438 383 386
394 392 436
394 436 438
447 451 445
468 469 508
444 443 439
475 466 467
467 468 502
308 306 350
307 303 302
485 486 480
485 480 479
483 485 479
483 479 478
484 483 478
484 478 477
482 484 477
482 477 476
397 396 421
404 402 401
404 401 405
401 424 426
401 426 405
496 402 404
496 404 498
424 496 498
424 498 426
313 499 340
499 315 501
334 333 501
317 334 501
398 489 372
422 421 420
78 509 87
78 88 509
88 64 90
88 90 509
510 511 512
513 514 512
513 512 515
516 513 515
516 515 517
516 517 518
519 511 510
519 510 520
521 519 520
521 520 522
523 521 522
523 522 524
525 523 524
525 524 526
527 525 526
527 526 528
529 530 527
529 527 528
530 529 531
530 531 532
533 534 532
533 532 531
535 536 537
518 538 539
539 538 540
534 533 541
534 541 542
542 541 537
542 537 536
543 544 540
543 540 545
546 547 548
546 548 549
550 551 547
550 547 546
552 551 550
552 550 553
554 552 553
555 556 513
555 513 516
556 557 514
556 514 513
557 558 559
557 559 514
560 559 558
560 558 561
561 562 563
561 563 560
564 563 562
564 562 565
565 566 567
565 567 564
566 568 569
566 569 567
570 569 568
571 570 568
571 568 572
572 573 574
572 574 571
573 575 576
573 576 574
575 577 578
575 578 576
577 579 580
577 580 578
581 582 583
584 511 585
512 511 584
512 584 586
515 512 586
515 586 587
517 515 587
517 587 588
589 518 517
589 517 588
590 538 518
590 518 589
591 545 538
591 538 590
592 543 545
592 545 591
543 592 593
543 593 549
594 550 546
594 546 595
596 553 550
596 550 594
553 596 597
588 598 599
588 599 589
598 588 587
600 590 589
600 589 599
601 591 590
601 590 600
602 592 591
602 591 601
592 602 603
592 603 593
603 604 595
603 595 593
605 596 594
605 594 606
596 605 597
606 594 595
606 595 604
607 608 605
607 605 609
604 603 610
604 610 611
606 604 611
606 611 612
606 612 605
613 611 610
613 610 614
615 612 611
615 611 613
609 612 615
605 612 609
616 610 603
616 603 602
617 614 610
617 610 616
618 616 602
618 602 601
619 617 616
619 616 618
620 618 601
620 601 600
621 619 618
621 618 620
622 620 600
622 600 599
623 621 620
623 620 622
624 622 599
624 599 598
622 624 625
626 624 598
626 598 587
624 626 627
624 627 625
628 626 587
628 587 586
629 630 631
630 629 627
630 626 628
632 628 586
632 586 584
633 630 628
633 628 632
634 635 636
634 636 637
637 638 639
637 639 634
638 640 641
638 641 639
642 643 585
642 585 635
644 632 584
644 584 643
645 633 632
645 632 644
646 644 643
646 643 642
647 645 644
647 644 646
648 646 642
648 642 649
650 647 646
650 646 648
651 648 649
651 649 652
653 650 648
653 648 651
635 634 649
635 649 642
634 639 652
634 652 649
639 641 654
639 654 652
635 585 519
635 519 636
584 585 643
585 511 519
655 641 640
655 640 656
654 641 655
654 655 657
656 658 659
655 660 657
661 662 663
661 663 664
665 662 666
667 651 652
667 652 668
669 653 651
669 651 667
670 667 668
670 668 671
667 670 672
667 672 669
673 674 675
673 675 676
677 678 675
677 675 679
680 674 673
681 682 631
681 631 630
683 684 682
683 682 681
685 686 684
685 684 683
687 688 689
687 689 690
691 692 693
691 693 694
695 696 693
695 693 692
697 698 696
697 696 695
699 698 697
520 560 700
520 700 522
701 700 560
524 702 703
524 703 526
704 528 526
704 526 703
705 529 528
705 528 704
706 531 529
706 529 705
531 706 707
531 707 533
708 541 533
708 533 707
709 537 541
709 541 708
522 700 702
522 702 524
559 560 520
559 520 510
510 514 559
710 711 705
710 705 704
712 656 713
525 640 638
713 525 714
523 525 638
523 638 637
636 521 523
636 523 637
714 525 715
519 521 636
658 656 712
658 712 716
717 718 719
710 715 720
711 721 706
711 706 705
721 722 707
721 707 706
722 723 708
722 708 707
708 723 724
708 724 709
530 532 721
530 721 711
709 535 537
724 535 709
724 536 535
723 542 536
723 536 724
722 534 542
722 542 723
721 532 534
721 534 722
710 725 715
710 720 711
527 715 525
711 720 530
530 720 527
720 715 527
525 713 640
713 656 640
712 713 714
710 704 703
710 703 725
726 702 700
726 700 727
725 703 702
725 702 726
727 700 701
727 701 728
729 727 728
729 728 730
727 729 731
727 731 726
726 731 732
726 732 725
714 715 733
712 714 733
712 733 734
665 735 736
665 736 737
666 735 665
733 715 732
666 662 661
716 712 734
716 734 736
735 666 661
738 729 739
740 731 729
740 729 738
741 732 731
741 731 740
668 742 671
668 652 742
743 744 678
743 678 677
744 745 678
665 737 746
657 747 742
657 742 654
742 652 654
671 742 748
748 742 749
742 732 749
732 741 750
732 750 749
751 752 743
751 743 748
743 752 753
743 753 754
680 673 753
755 645 647
738 739 755
738 755 756
739 729 730
739 730 757
647 756 755
647 650 758
752 759 680
669 672 751
669 751 750
741 760 750
653 760 758
653 758 650
756 740 738
756 758 740
740 758 760
740 760 741
669 760 653
750 760 669
645 761 633
755 761 645
761 683 633
630 633 681
755 685 761
739 757 762
739 762 755
763 764 687
763 687 690
764 765 691
764 691 687
766 692 691
766 691 765
767 695 692
767 692 766
768 697 695
768 695 767
697 768 699
763 685 769
770 764 763
770 763 771
771 769 755
771 755 762
769 685 755
762 757 771
757 684 686
757 686 771
764 770 689
764 689 688
765 694 693
765 693 766
766 693 696
766 696 767
768 698 699
767 696 698
767 698 768
563 772 701
563 701 560
773 772 563
773 563 564
567 774 773
567 773 564
569 775 774
569 774 567
776 775 569
776 569 570
777 776 570
777 570 571
778 777 571
778 571 574
779 778 574
779 574 576
780 779 576
780 576 578
580 781 780
580 780 578
782 783 582
782 582 581
784 782 581
581 583 784
783 781 580
783 580 582
579 582 580
583 582 579
561 785 786
561 786 562
785 561 558
785 558 787
557 788 787
557 787 558
23 557 556
788 557 23
788 23 789
54 23 556
54 556 555
790 56 54
790 54 555
790 555 516
790 516 539
791 790 539
791 539 540
58 56 790
58 790 791
792 791 540
792 540 544
791 792 793
730 728 794
730 794 795
796 795 794
796 794 797
757 730 795
757 795 798
799 796 797
799 797 800
801 565 562
801 562 786
802 566 565
802 565 801
566 802 803
566 803 568
572 568 803
572 803 804
804 805 573
804 573 572
806 575 573
806 573 805
807 577 806
808 579 807
807 579 577
809 810 781
809 781 783
782 811 809
782 809 783
785 701 812
801 786 812
801 812 813
802 801 813
802 813 814
809 583 579
811 784 583
782 784 811
809 579 810
811 583 809
579 808 810
803 802 814
803 814 815
804 803 815
804 815 816
805 804 816
805 816 817
806 805 817
806 817 818
806 818 807
813 812 772
813 772 773
814 813 773
814 773 774
812 701 772
785 812 786
808 780 781
808 781 810
818 779 780
818 780 808
817 778 779
817 779 818
817 816 777
817 777 778
776 815 775
816 815 776
816 776 777
775 814 774
775 815 814
794 787 788
794 788 797
797 788 789
797 789 800
701 794 728
701 787 794
684 757 798
684 798 682
819 631 682
819 682 798
819 798 795
819 795 796
820 819 796
820 796 799
820 629 631
820 631 819
540 538 545
516 518 539
60 58 791
60 791 793
792 821 793
554 822 552
823 551 552
823 547 551
543 549 548
543 548 544
549 593 595
549 595 546
544 548 821
544 821 792
793 821 824
823 824 547
824 821 548
824 548 547
625 627 629
625 629 825
630 627 626
622 625 623
623 625 825
826 823 822
597 605 608
553 597 554
806 577 575
737 736 734
737 734 747
657 746 737
657 737 747
662 660 659
662 659 663
717 658 716
717 716 718
665 746 660
665 660 662
827 828 716
827 716 736
677 679 671
748 743 677
748 677 671
672 759 752
672 752 751
672 670 829
750 751 748
750 748 749
759 829 680
680 829 674
664 663 717
676 675 678
679 675 674
679 674 829
663 659 658
663 658 717
670 679 829
671 679 670
672 829 759
744 676 745
676 678 745
761 685 683
633 683 681
655 659 660
656 659 655
657 660 746
718 664 719
664 717 719
735 661 827
732 715 725
743 754 744
753 752 680
827 736 735
716 828 718
754 676 744
754 753 673
754 673 676
828 664 718
828 827 661
828 661 664
807 818 808
647 758 756
771 763 769
747 734 733
747 733 742
742 733 732
822 823 552
701 785 787
763 690 685
685 690 689
685 689 686
689 770 771
689 771 686
764 688 694
764 694 765
688 687 691
688 691 694
510 512 514
830 831 832
832 831 833
832 833 834
834 833 835
834 835 836
835 837 838
835 838 836
839 840 841
831 842 843
831 843 833
833 843 844
833 844 835
844 845 837
844 837 835
840 846 847
840 847 842
842 847 848
842 848 843
843 848 849
843 849 844
849 850 845
849 845 844
847 846 851
847 851 852
847 852 853
847 853 848
848 853 854
848 854 849
854 855 850
854 850 849
831 830 856
831 856 841
839 857 858
839 858 859
859 860 840
859 840 839
859 858 861
859 861 862
860 859 862
860 862 863
864 860 863
864 863 865
866 864 865
866 865 867
868 830 832
869 870 832
834 871 869
834 869 832
836 872 871
836 871 834
873 874 872
873 872 836
875 872 874
875 874 876
877 871 872
877 872 875
871 877 878
871 878 869
869 878 870
870 879 880
873 836 838
881 878 877
881 877 882
883 881 882
883 882 884
882 877 875
882 875 885
885 875 876
885 876 886
887 885 886
884 882 885
884 885 887
888 889 890
888 890 891
892 893 889
892 889 888
894 895 893
894 893 892
878 881 896
878 896 879
897 896 881
897 881 883
894 898 895
879 899 900
879 900 880
899 901 902
899 902 900
903 904 905
906 857 839
906 839 841
841 842 831
907 856 830
907 830 868
908 907 868
908 868 880
909 910 911
912 908 880
912 880 900
913 912 914
915 916 917
915 917 918
919 920 921
922 923 910
922 910 924
923 922 925
926 923 920
920 923 925
927 920 925
928 920 927
926 920 919
929 926 919
930 926 929
931 926 930
931 930 932
911 933 934
911 934 909
935 936 937
935 937 938
939 935 938
933 937 936
933 936 934
926 931 911
926 911 923
940 941 924
940 924 910
910 909 942
910 942 940
934 943 942
934 942 909
936 944 943
935 945 944
935 944 936
946 858 857
946 857 947
948 861 858
948 858 946
949 946 947
949 947 950
951 948 946
951 946 949
952 949 950
952 950 953
954 951 949
954 949 952
955 952 953
955 953 956
957 954 952
957 952 955
958 955 956
958 956 959
960 957 955
960 955 958
961 958 959
961 959 962
963 960 958
963 958 961
964 961 962
964 962 965
966 963 961
966 961 964
967 964 965
967 965 968
969 966 964
969 964 967
970 967 968
970 969 967
971 972 861
971 861 948
972 973 862
972 862 861
973 974 863
973 863 862
974 975 865
974 865 863
976 867 865
976 865 975
971 948 951
971 951 977
977 951 954
977 954 978
978 954 957
978 957 979
957 960 980
957 980 979
981 980 960
981 960 963
981 963 966
981 966 982
982 966 969
982 969 983
984 978 979
984 979 985
986 984 985
986 985 987
988 985 979
988 979 980
989 987 985
989 985 988
990 988 980
990 980 981
991 989 988
991 988 990
992 990 981
992 981 982
993 991 990
993 990 992
994 992 982
994 982 983
968 993 994
976 995 996
976 996 867
867 996 997
867 997 866
851 866 997
851 997 998
852 999 1000
1001 853 852
1001 852 1000
853 1001 854
854 1002 855
854 1001 1002
996 995 60
996 60 793
997 996 1003
1004 998 997
1004 997 1003
824 1003 793
1003 1005 1006
1007 1000 999
1007 999 1004
999 852 998
1008 1009 1010
1011 1000 1007
1012 1001 1000
1012 1000 1011
1001 1013 1002
1014 1015 1012
1014 1012 1016
1008 1017 1016
1008 1016 1009
1007 1009 1016
1007 1016 1011
1006 1010 1009
1014 1016 1017
1016 1012 1011
1018 1019 850
1018 850 855
850 1019 845
1020 1018 855
1020 855 1002
1021 1020 1002
1021 1002 1013
1014 1022 1015
1023 1022 1024
1025 1026 838
1025 838 837
1027 1028 1026
1027 1026 1025
1029 1030 1031
1029 1031 1032
1033 1030 1029
1033 1029 1034
1032 1031 1028
1032 1028 1027
1035 838 1026
1036 1025 837
1036 837 845
1037 1027 1025
1037 1025 1036
1038 1032 1027
1038 1027 1037
1032 1038 1039
1032 1039 1029
1040 1034 1029
1040 1029 1039
1019 1018 1041
1019 1041 1042
845 1019 1042
845 1042 1036
1043 1018 1020
1022 1023 1021
1041 1018 1043
1043 1020 1044
1021 1045 1044
1024 1022 1014
1022 1021 1013
1022 1013 1015
1013 1001 1012
1013 1012 1015
1014 1017 1046
1014 1046 1024
1038 1037 1047
1038 1047 1048
1048 1047 1049
1048 1049 1050
1051 1050 1049
1049 1041 1043
1052 1051 1043
1045 1052 1044
1021 1044 1020
1049 1043 1051
1047 1037 1036
1047 1036 1042
1047 1042 1041
1047 1041 1049
1030 1033 1053
1030 1053 1054
1055 1031 1030
1055 1030 1054
1056 1028 1031
1056 1031 1055
1057 1026 1028
1057 1028 1056
1054 1053 1058
1054 1058 1059
1054 1059 1060
1055 1061 1062
1055 1062 1056
1063 1057 1056
1063 1056 1064
1056 1062 1064
1061 1055 1054
1061 1054 1060
1065 1035 1066
1057 1063 1067
1057 1067 1066
1066 1068 1069
1070 1071 1069
1070 1069 1068
1072 1073 1071
1072 1071 1070
1072 1074 1075
1072 1075 1073
1076 1077 1075
1076 1075 1074
1078 1079 1077
1078 1077 1076
1080 1079 1078
1081 1066 1067
1067 1082 1081
1083 1084 1081
1081 1082 1083
1066 1026 1057
1066 1035 1026
1063 1085 1082
1063 1082 1067
1063 1064 1086
1063 1086 1085
1087 1085 1088
1089 1090 1091
1089 1091 1092
1093 1082 1087
1090 1094 1095
1090 1095 1091
1096 1062 1061
1096 1061 1097
1097 1061 1060
1097 1060 1098
1098 1060 1059
1099 1059 1100
1097 1098 1101
1097 1101 1102
1102 1103 1096
1102 1096 1097
1104 1105 1103
1104 1103 1102
1106 1104 1102
1106 1102 1101
1107 1108 1104
1107 1104 1106
1109 1110 1111
1109 1111 1112
1113 1110 1114
1108 1115 1105
1108 1105 1104
1110 1116 1117
1110 1117 1111
1113 1116 1110
1114 1110 1109
1059 1099 1098
1118 1119 1059
1118 1059 1058
1120 1121 1119
1120 1119 1118
1122 1123 1121
1122 1121 1120
1123 1122 1124
1123 1124 1125
1126 1125 1124
1127 1120 1118
1127 1118 1128
1129 1128 1118
1129 1118 1058
1130 1129 1058
1130 1058 1053
1130 1053 1033
1130 1033 1131
1034 1132 1131
1034 1131 1033
1040 1133 1034
1134 1122 1120
1134 1120 1127
1135 1124 1136
1119 1100 1059
1100 1119 1121
1100 1121 1137
1123 1138 1137
1123 1137 1121
1125 1139 1138
1125 1138 1123
1125 1126 1139
1096 1140 1064
1103 1141 1140
1105 1142 1141
1105 1141 1103
1115 1143 1142
1115 1142 1105
1096 1064 1062
1140 1141 1144
1103 1140 1096
1064 1140 1086
1086 1140 1145
1146 1147 1145
1146 1145 1148
1140 1144 1148
1147 1149 1088
1147 1088 1145
1150 1151 1093
1150 1093 1087
1146 1152 1153
1146 1153 1147
1093 1154 1083
1093 1083 1082
1151 1155 1154
1151 1154 1093
1155 1151 1095
1155 1095 1156
1003 996 793
1007 1004 1006
998 852 851
999 998 1004
969 970 983
983 970 994
994 970 968
987 956 953
987 953 986
959 956 987
959 987 989
965 993 968
962 991 993
962 993 965
959 989 991
959 991 962
928 1157 1158
928 1158 921
928 927 1159
928 1159 1157
1160 941 1161
942 943 1162
936 943 934
943 944 1162
935 939 945
953 950 1163
950 947 1163
953 1163 986
1164 977 978
1164 978 984
1165 971 977
1165 977 1164
1166 972 971
1166 971 1165
1167 973 972
1167 972 1166
1168 974 973
1168 973 1167
1169 975 974
1169 974 1168
1170 976 975
1170 975 1169
1171 995 976
1171 976 1170
1172 60 995
1172 995 1171
984 986 1163
984 1163 1164
1173 1174 1175
1173 1175 930
1175 1176 932
1175 932 930
1162 1177 932
1162 932 1176
932 1177 1178
932 1178 931
1179 1177 1162
1179 1162 944
1179 944 945
1179 945 1180
1181 1161 1174
1181 1174 1173
1181 1173 929
1181 929 1182
1181 1182 1183
1184 1166 1165
1184 1165 1161
1184 1181 1183
1184 1183 1185
1186 1167 1166
1186 1166 1184
1187 1168 1167
1187 1167 1186
1188 1169 1168
1188 1168 1187
1189 1170 1169
1189 1169 1188
1171 1170 1189
1172 1171 1190
1185 1191 1186
1185 1186 1184
1187 1186 1191
1187 1191 1192
1188 1187 1192
1188 1192 1193
1189 1188 1193
1189 1193 1194
1189 1194 1190
1195 899 879
1195 879 1182
1183 1182 879
1195 901 899
1196 879 896
1196 896 1197
1196 1198 1183
1196 1183 879
876 1199 1200
876 1200 886
1199 876 1201
1202 1201 874
873 1203 1202
873 1202 874
1203 1035 1065
1203 1065 1202
1201 1065 1069
1204 1069 1071
1204 1071 1205
1206 1207 1073
1206 1073 1075
1208 1206 1075
1208 1075 1077
1209 1208 1077
1209 1077 1079
1076 1074 1210
1076 1210 1211
1211 1212 1078
1211 1078 1076
1210 1074 1072
1210 1072 1213
1213 1072 1070
1213 1070 1214
1070 1068 1081
1215 1081 1084
1216 1215 1084
1216 1084 1217
1198 1196 1199
1198 1199 1201
1218 1198 1201
1215 1218 1201
1219 1216 1220
1221 1219 1220
1220 1100 1222
1220 1222 1221
1223 1222 1100
1223 1100 1137
1224 1223 1137
1224 1137 1138
1224 1138 1139
1224 1139 1225
1126 1225 1139
1226 1216 1219
1226 1219 1227
1227 1228 1229
1227 1229 1226
1230 1229 1228
1216 1226 1231
1216 1231 1215
1226 1229 1232
1226 1232 1231
1183 1198 1231
1183 1231 1185
1231 1232 1191
1231 1191 1185
1192 1191 1232
1192 1232 1233
1233 1232 1229
1233 1229 1230
1233 1234 1193
1233 1193 1192
1194 1193 1234
1194 1234 1235
1234 1233 1230
1234 1230 1236
1235 1234 1236
1235 1236 1237
1238 1235 1237
1238 1237 1239
1235 1238 1190
1235 1190 1194
1240 1197 1241
1116 1242 1243
1116 1243 1117
1081 1068 1066
1198 1218 1231
1231 1218 1215
1073 1207 1205
1073 1205 1071
1080 1078 1212
1080 1209 1079
1080 1212 1209
1209 1212 1211
1209 1211 1208
1208 1211 1210
1208 1210 1206
1206 1210 1213
1206 1213 1207
1207 1213 1214
1207 1214 1205
1205 1214 1081
1205 1081 1204
1201 1202 1065
1244 886 1200
1244 1200 1245
1245 1246 890
1245 890 1244
891 1247 1248
891 1248 888
891 1246 1247
1245 1200 1197
1245 1197 1240
1196 1197 1200
1196 1200 1199
1249 896 897
894 892 1250
894 1250 898
888 1248 1250
888 1250 892
887 886 1244
1249 1241 1197
1249 1197 896
903 905 918
921 901 1195
921 1195 919
919 1195 1182
919 1182 929
933 911 931
933 931 1178
939 1251 1180
939 1180 945
1251 1252 1179
1251 1179 1180
933 1178 937
1179 1252 1178
1179 1178 1177
1083 1154 1148
1083 1148 1144
1083 1144 1217
1083 1217 1084
1144 1100 1220
1144 1220 1217
1089 1253 1254
1089 1254 1090
1155 1255 1154
1225 1135 1136
1230 1228 1132
1230 1132 1133
1127 1128 1222
1127 1222 1223
1127 1223 1224
1127 1224 1134
1221 1222 1128
1221 1128 1129
1221 1129 1130
1221 1130 1219
1219 1130 1131
1219 1131 1227
1227 1131 1132
1227 1132 1228
1126 1135 1225
873 838 1203
1203 838 1035
1099 1256 1101
1099 1101 1098
1256 1257 1106
1256 1106 1101
1258 1107 1106
1258 1106 1257
1259 1109 1112
1259 1112 1260
1259 1261 1114
1259 1114 1109
1100 1256 1099
1242 1261 1259
1113 1242 1116
1261 1242 1113
1261 1113 1114
1243 1242 1259
1243 1259 1260
1142 1143 1258
1142 1258 1257
1141 1142 1257
1141 1257 1256
1141 1256 1100
1141 1100 1144
1244 890 889
1244 889 887
887 889 893
887 893 884
884 893 895
884 895 883
883 895 898
883 898 897
890 1246 891
1241 1248 1247
1241 1247 1240
1245 1240 1247
1245 1247 1246
898 1250 1249
898 1249 897
1248 1241 1249
1248 1249 1250
902 901 905
902 905 904
902 904 917
902 917 914
1158 1157 1262
1157 1159 1262
1158 905 901
1158 901 921
1134 1136 1124
1134 1124 1122
1224 1225 1136
1224 1136 1134
841 856 906
856 907 1263
856 1263 906
907 908 922
907 922 1263
908 912 925
908 925 922
912 913 925
913 916 1159
913 1159 927
916 915 1262
916 1262 1159
915 1158 1262
918 917 904
918 904 903
914 917 916
914 916 913
914 912 900
915 918 905
915 905 1158
1264 1089 1092
1264 1092 1153
1087 1088 1149
1087 1149 1150
1088 1085 1086
1087 1082 1085
1088 1086 1145
925 913 927
914 900 902
1112 1111 1108
1112 1108 1107
1111 1117 1115
1111 1115 1108
1117 1243 1143
1117 1143 1115
1260 1112 1107
1260 1107 1258
1143 1243 1260
1143 1260 1258
1220 1216 1217
1175 940 942
1175 942 1176
1148 1255 1146
1154 1255 1148
1255 1253 1152
1255 1152 1146
1090 1254 1156
1090 1156 1094
1092 1091 1150
1092 1150 1149
1091 1095 1151
1091 1151 1150
1153 1152 1264
1156 1095 1094
1254 1253 1255
1153 1092 1149
1153 1149 1147
1254 1255 1155
1253 1089 1264
1152 1253 1264
1156 1254 1155
1145 1140 1148
1201 1069 1204
1201 876 874
911 910 923
1081 1201 1204
1215 1201 1081
1066 1069 1065
1070 1081 1214
1034 1133 1132
868 832 870
930 929 1173
870 878 879
870 880 868
1178 1252 937
1252 1251 938
1252 938 937
1251 939 938
921 920 928
942 1162 1176
1171 1189 1190
994 993 992
924 941 1160
1174 941 940
866 851 846
866 846 864
846 840 860
846 860 864
841 840 842
924 1160 922
1263 1160 857
1263 857 906
922 1160 1263
1164 1163 1161
1164 1161 1165
1184 1161 1181
947 857 1161
1160 1161 857
947 1161 1163
1161 941 1174
1174 940 1175
1126 1124 1135
826 1265 823
1265 1005 824
1005 1003 824
826 1010 1265
1010 1006 1005
1008 1010 826
1010 1005 1265
1006 1009 1007
1003 1006 1004
1265 824 823
1021 1023 1045
1052 1043 1044
1266 1267 1268
1266 1268 1269
