byte offset: 0
first index: 0
index count: 8262
topology: trianglelist
format: DXGI_FORMAT_R16_UINT

0 1 2
2 3 4
5 6 7
8 1 0
4 6 9
10 11 12
13 12 14
7 15 5
16 17 18
19 14 20
21 8 22
23 20 17
24 22 25
26 18 15
27 28 11
29 30 31
32 33 34
35 36 32
37 38 36
39 29 40
41 38 39
42 36 38
42 43 44
33 44 45
46 47 48
49 48 50
50 51 52
41 51 43
53 54 55
56 57 58
59 60 57
61 49 53
59 62 47
34 45 63
40 64 39
65 39 64
66 64 67
68 67 64
69 70 71
69 66 67
72 70 68
73 68 40
31 40 29
54 74 75
76 77 78
61 55 76
79 80 81
81 82 79
83 72 73
84 85 86
87 88 89
90 88 91
92 93 94
95 96 92
97 91 98
98 99 97
93 97 99
90 96 100
101 102 103
99 104 93
103 105 101
106 104 107
93 108 94
109 110 111
112 113 114
115 116 117
116 118 119
119 120 121
117 122 115
114 123 117
113 124 123
123 125 122
126 127 124
124 128 125
129 130 127
131 127 130
128 132 133
125 133 134
135 133 132
136 102 98
98 137 136
103 134 133
138 139 140
141 142 87
134 122 125
115 136 137
130 143 144
131 144 145
107 146 106
105 147 148
132 145 149
63 150 84
56 150 62
94 32 92
34 92 32
108 35 94
58 139 56
151 152 153
154 155 156
157 158 159
160 161 162
163 164 165
165 164 166
167 160 163
168 166 169
170 156 171
171 172 173
174 175 176
177 178 179
180 181 182
183 184 185
186 187 155
188 189 190
191 192 193
194 195 196
197 198 199
198 197 200
201 202 203
204 205 118
57 206 207
140 58 208
76 165 61
208 209 140
180 179 181
210 209 185
211 138 210
212 87 213
213 89 214
214 215 216
217 218 216
219 211 220
221 222 223
223 224 221
220 210 225
226 227 223
228 182 229
58 207 230
231 232 233
232 234 233
235 236 237
238 235 239
216 240 214
231 214 240
233 213 231
241 212 236
236 235 241
235 238 204
242 153 243
244 245 246
247 248 249
190 250 188
251 154 170
252 188 250
253 254 188
255 256 257
195 257 258
151 242 259
246 260 151
246 247 260
261 262 248
263 173 172
228 229 227
229 224 227
181 264 224
265 178 266
267 268 176
269 270 271
270 272 273
272 274 275
274 276 277
278 279 276
278 280 281
282 283 284
284 285 282
286 287 285
288 289 183
271 288 269
165 168 61
216 85 217
100 290 90
106 291 108
101 107 104
37 291 30
30 292 293
294 156 155
155 295 294
263 294 228
228 294 295
258 196 195
160 296 164
297 298 299
289 300 184
301 184 300
222 225 301
221 264 302
268 303 304
305 302 306
307 308 309
309 308 310
304 311 312
305 220 222
219 306 313
314 313 306
315 307 232
307 309 232
309 316 234
239 237 317
185 225 210
218 313 240
315 240 313
318 250 319
319 251 320
170 320 251
171 299 170
173 297 171
300 226 301
301 223 222
78 163 76
164 321 322
321 323 324
325 326 327
328 325 327
329 330 331
193 332 191
333 159 158
334 252 318
197 203 200
335 336 337
283 169 166
206 278 276
207 276 274
274 272 207
272 270 230
209 208 269
269 183 209
60 169 206
60 49 168
82 338 79
339 73 31
31 293 339
135 149 147
249 260 247
196 261 194
286 284 324
166 322 283
186 190 189
340 189 341
254 341 189
342 333 343
158 343 333
253 201 159
203 159 201
157 203 197
344 345 192
346 329 347
191 157 344
197 199 346
198 326 199
348 349 350
281 351 352
353 354 355
356 357 271
273 275 358
279 359 277
298 357 360
361 362 363
364 365 366
367 368 369
370 371 372
373 374 375
200 376 326
372 371 373
377 378 379
380 369 368
359 381 277
281 382 279
383 384 385
363 362 319
386 387 388
389 390 391
392 393 394
393 152 249
395 153 152
360 299 298
363 320 360
326 376 327
396 397 398
388 399 400
362 401 402
393 403 395
395 404 405
406 407 408
409 408 410
411 412 413
366 413 414
415 416 417
418 419 420
421 422 423
357 424 360
425 403 426
413 352 427
413 382 352
249 394 393
390 262 258
387 258 257
387 256 399
399 256 428
389 248 262
389 429 394
429 430 392
431 202 432
318 362 433
400 428 434
434 435 400
359 382 436
436 437 359
358 381 438
439 440 356
430 441 442
443 444 445
438 437 446
447 448 449
450 451 452
448 451 450
453 454 439
437 436 455
456 457 458
457 459 425
460 461 462
440 463 424
464 465 466
467 468 383
375 469 470
358 356 273
356 358 439
446 453 438
379 471 377
363 424 361
361 463 420
415 465 416
280 353 351
472 376 200
282 473 353
473 474 354
355 475 351
351 427 352
476 477 366
412 478 414
414 476 366
479 480 481
430 482 458
452 483 484
429 391 441
485 486 455
400 483 388
448 386 388
487 488 453
477 485 364
426 458 457
489 396 398
490 459 491
492 454 488
486 487 446
492 420 463
493 126 113
79 494 495
324 496 286
405 497 498
285 499 473
500 243 153
405 501 500
502 129 126
321 324 322
503 504 245
81 71 70
505 506 325
255 505 328
105 507 107
506 329 199
325 506 199
506 505 330
508 509 504
509 194 245
247 246 261
195 194 255
194 509 505
509 508 330
111 143 109
510 83 339
511 339 293
146 292 106
512 82 83
513 293 292
514 445 444
515 516 517
296 337 321
317 518 519
239 317 519
238 239 520
239 235 237
268 304 521
176 521 174
521 312 522
521 304 312
176 523 267
176 175 523
308 522 312
524 266 525
266 178 525
178 175 174
306 526 314
302 265 526
264 179 265
314 524 307
526 266 524
310 311 316
518 304 303
309 310 316
310 308 312
370 350 442
368 486 485
527 449 370
469 450 452
449 450 371
379 488 487
385 491 456
384 408 490
378 492 488
418 465 423
478 515 528
514 476 528
480 529 530
482 467 385
531 469 452
367 487 486
416 532 492
191 332 158
158 332 533
50 53 49
54 51 534
47 63 45
54 77 55
85 139 217
118 535 204
535 141 241
85 290 86
44 50 48
45 48 47
534 65 66
74 66 536
84 100 95
88 142 91
88 215 89
116 537 535
116 119 117
119 121 114
142 537 137
63 95 34
538 479 539
540 538 475
405 404 497
404 403 541
403 425 542
498 497 543
497 541 544
543 545 474
545 544 355
544 540 355
460 529 546
434 428 376
327 376 428
400 435 483
531 452 484
452 451 483
328 327 256
428 256 327
199 326 325
200 326 198
199 329 346
506 330 329
505 509 330
245 194 246
244 246 259
151 259 246
182 181 229
228 295 182
181 224 229
228 227 263
200 203 202
472 200 202
515 478 462
478 412 530
412 411 539
427 351 475
475 539 427
462 461 515
546 547 548
480 547 529
530 529 462
432 334 433
432 202 334
433 402 432
549 550 489
422 421 551
472 552 376
553 531 484
553 551 470
388 483 451
460 462 529
546 529 547
425 459 554
459 490 554
408 409 406
541 542 540
542 555 538
480 407 406
406 556 547
407 480 479
554 479 538
550 423 422
557 558 559
560 561 562
563 564 565
566 567 568
562 569 560
565 570 563
559 571 557
566 572 573
574 575 576
577 568 578
579 569 578
580 581 574
576 582 583
584 561 585
581 580 586
587 588 589
590 591 592
593 594 595
596 597 598
599 600 601
602 603 604
605 606 607
587 607 606
608 595 597
609 610 605
599 588 611
591 590 594
612 589 588
613 607 614
593 615 616
591 616 617
618 602 619
612 601 620
621 608 596
617 622 623
624 618 625
615 626 627
625 619 628
629 630 631
632 633 634
635 636 637
638 639 640
634 641 642
643 630 644
645 646 647
648 649 638
650 651 652
629 631 653
596 654 621
621 655 626
656 639 657
637 658 659
612 660 614
647 661 662
629 663 650
648 640 645
653 631 643
664 649 648
659 660 637
637 624 635
635 625 665
665 628 666
642 623 634
623 632 634
627 657 632
656 626 655
617 667 591
613 609 605
668 669 656
651 670 652
652 671 658
672 673 613
659 674 672
655 668 656
675 676 677
675 598 676
678 677 679
620 600 618
624 612 620
616 627 622
622 627 632
623 680 617
675 681 654
654 682 655
660 613 614
614 589 612
659 672 660
660 683 637
630 635 665
633 638 649
636 629 650
639 632 657
641 649 664
644 665 666
639 646 640
658 650 652
669 661 646
658 684 659
685 496 686
286 496 685
323 336 687
496 323 687
337 323 321
496 687 686
324 323 496
324 284 322
283 322 284
166 164 322
337 336 323
337 296 335
335 296 162
160 162 296
164 296 321
234 316 237
308 525 522
525 174 522
525 178 174
316 311 317
317 237 316
239 519 520
177 179 180
515 517 514
514 517 688
444 443 477
443 368 485
312 311 310
689 690 691
690 692 693
694 695 696
697 691 698
699 695 692
700 701 702
703 704 700
705 706 707
708 709 710
711 712 703
713 697 698
710 714 711
24 715 713
707 716 708
702 28 717
718 719 720
721 722 723
724 723 720
720 725 718
726 718 725
727 725 728
728 723 722
728 729 727
722 730 728
731 732 733
734 735 731
736 737 729
727 737 738
739 740 741
742 743 733
733 744 731
745 734 746
733 747 742
748 749 722
750 751 752
738 726 727
753 751 738
752 754 755
69 755 754
69 753 536
756 755 757
758 752 756
759 750 758
740 74 760
761 77 762
745 762 739
763 80 495
757 764 756
765 756 764
766 767 768
769 770 771
772 770 773
774 775 776
777 776 778
779 780 772
781 782 783
775 779 776
772 776 779
784 783 782
782 785 784
786 787 788
789 785 790
775 790 785
791 110 792
112 793 493
794 795 796
795 797 798
799 120 797
800 801 802
803 802 793
793 804 805
802 806 804
805 807 792
804 808 807
792 809 791
810 807 808
808 811 810
806 812 808
788 812 786
813 783 814
781 815 780
786 814 783
816 817 818
819 771 796
814 801 813
794 813 801
809 820 791
810 821 809
822 823 824
787 825 788
811 826 810
827 768 747
742 768 817
828 721 724
748 774 777
790 724 829
830 817 831
832 833 834
835 836 837
838 839 840
841 162 161
842 843 841
844 845 843
167 841 161
746 845 844
846 847 835
848 849 847
850 851 852
853 854 855
856 857 858
859 860 861
837 862 863
864 865 866
840 867 868
869 870 871
872 873 874
874 875 872
876 877 878
205 797 120
743 879 744
831 880 830
761 844 842
880 831 881
856 858 854
882 881 816
883 816 818
884 769 819
885 886 769
887 888 886
818 889 883
890 883 889
891 892 893
894 895 896
897 882 883
898 896 899
900 901 857
830 902 743
903 904 905
906 907 908
908 909 906
238 910 911
912 913 889
903 887 885
907 885 884
884 908 907
911 914 915
238 915 205
242 916 832
244 917 918
919 920 921
922 923 924
924 835 922
925 864 926
926 866 927
928 929 930
871 931 928
832 259 242
917 832 834
917 834 919
921 932 870
899 933 898
900 896 901
901 896 895
858 895 934
935 855 854
936 851 937
938 939 940
940 941 942
942 943 944
944 945 946
947 948 949
947 950 951
952 951 950
953 954 955
955 287 685
956 861 957
939 938 956
844 745 746
912 767 888
778 773 958
789 829 959
784 822 787
720 829 724
719 959 829
960 847 849
836 961 862
899 960 849
900 961 960
962 870 932
841 843 963
964 957 861
861 965 964
966 860 967
892 967 897
891 934 895
937 968 969
893 970 891
971 972 973
974 975 972
968 976 977
893 897 890
890 978 893
979 980 905
905 971 979
974 904 906
974 906 981
910 982 909
983 967 860
889 980 890
905 913 903
984 923 925
985 924 923
846 986 987
848 987 964
933 964 965
965 898 933
966 894 898
78 842 167
843 988 989
989 990 991
992 993 994
930 993 992
995 996 997
998 840 999
927 1000 926
878 925 876
872 875 1001
335 1002 336
951 1003 947
879 947 1003
902 946 879
944 902 942
942 1004 940
881 938 880
938 881 859
744 1003 746
744 734 731
764 1005 1006
1007 758 765
759 1008 719
788 1009 811
1010 834 833
870 869 921
955 990 953
845 951 988
837 922 835
863 865 837
866 1011 1012
1012 927 866
839 1013 1014
926 876 925
1001 1000 838
838 868 872
868 1015 1016
1016 1015 996
840 868 838
872 868 1016
874 873 994
1017 1018 1019
949 1020 950
1021 1022 1023
1024 939 1025
941 1026 943
948 1027 1028
957 1025 956
1029 1030 1031
1032 1033 1034
1035 1036 1037
1038 1039 1040
1041 1042 1043
875 994 1044
1045 1046 1043
1047 1048 1049
1050 1037 1036
1027 945 1051
949 1028 1052
1053 1054 1055
1056 985 1057
1058 1059 1060
1059 1058 1061
1062 1063 1064
1065 1066 1067
1066 833 1068
1068 916 1069
1070 987 986
1056 986 985
994 993 1044
1071 1072 1073
1074 1075 1076
1077 1078 1079
1030 1080 1081
1082 1068 1083
1068 1069 1084
1085 1086 1087
1086 1055 1054
1088 1089 1090
1091 1089 1033
1092 1049 1048
1093 1094 1031
1095 1096 1097
1025 1098 1099
1082 1067 1066
1089 1100 1101
1089 1028 1033
1010 1102 920
1103 932 1062
1058 962 1103
1058 929 931
1074 1076 929
1062 920 1102
1063 1062 1102
1104 1063 1065
1105 1106 877
984 878 1107
1075 1108 1076
1108 1075 1109
1027 1034 1028
1034 1027 1110
1026 1111 1051
1112 1024 1099
1104 1113 1114
1115 1050 1116
1111 1117 1110
1118 1119 1120
1121 1122 1123
1119 1121 1123
1124 1112 1125
1110 1126 1034
1127 1128 1129
1128 1067 1130
1131 1132 1133
1099 1134 1125
1096 1135 1097
1081 1136 1137
1138 1139 1053
1042 1140 1141
1026 941 1024
1024 1112 1026
1117 1111 1124
1142 1143 1035
1056 1098 1070
1029 1134 1098
1144 1135 1145
950 1021 952
1105 875 1044
952 1023 954
1023 474 499
1146 1021 1020
1020 1052 1101
1147 1091 1148
1149 1090 1150
1090 1147 1150
1151 1152 1153
1113 1104 1154
1122 1155 1156
1063 1104 1157
1158 1126 1159
1061 1160 1120
1075 1060 1156
1059 1120 1123
1161 1124 1162
1148 1032 1158
1067 1154 1065
1163 1129 1128
1164 1125 1134
1159 1117 1161
1164 1031 1094
493 805 502
763 494 1005
990 955 1165
1084 501 498
954 499 287
1069 243 1166
501 1069 1166
502 792 110
989 988 990
503 244 918
757 71 80
1167 930 992
928 930 1167
787 824 1168
1169 873 995
992 873 1169
1169 1170 1167
1171 1172 1173
1173 918 869
919 921 917
871 928 869
869 1167 1173
1173 1170 1171
111 820 1174
1175 765 1176
1177 1007 1175
823 959 1178
1176 764 1006
1178 1008 1177
1179 1116 1180
1181 1182 1183
963 989 1002
982 1184 977
910 519 982
238 520 910
910 909 911
937 1185 968
851 850 1185
1185 1186 976
1185 976 968
851 936 1187
851 1187 852
972 976 1186
973 972 1188
1189 1188 855
855 852 853
978 1190 970
970 935 934
934 854 858
979 973 1190
1190 1189 935
975 981 977
1184 968 977
974 981 975
975 976 972
1191 1019 1114
1037 1159 1035
1019 1045 1118
1141 1121 1043
1045 1043 1119
1142 1162 1048
1192 1129 1054
1054 1129 1087
1048 1164 1092
1093 1135 1094
1181 1150 1179
1179 1147 1193
1151 1153 1194
1139 1113 1127
1195 1122 1141
1035 1161 1142
1092 1094 1135
840 839 999
839 1014 999
736 739 741
740 737 741
732 827 747
740 77 75
767 817 768
798 915 914
819 914 884
767 773 888
730 736 729
749 735 730
760 738 737
74 753 760
766 778 958
771 780 815
770 888 773
796 798 819
799 800 803
121 803 112
796 815 794
827 777 766
1196 1197 1152
1198 1199 1197
1083 1200 1201
1082 1201 1202
1130 1202 1203
1200 543 1204
1200 1204 1205
1204 474 1022
1204 1022 1146
1206 1146 1199
1131 1207 1194
1108 1044 1076
993 1076 1044
1075 1156 1109
1195 1155 1122
1122 1156 1123
930 929 993
1076 993 929
873 992 994
875 874 994
873 1016 995
1169 995 1170
1167 1170 1173
918 917 869
244 259 917
832 917 259
857 901 858
900 857 961
858 901 895
900 899 896
875 877 1001
1105 877 875
1149 1132 1153
1088 1153 1152
1088 1152 1197
1101 1199 1020
1197 1101 1100
1133 1181 1183
1207 1208 1209
1151 1194 1209
1153 1132 1194
1210 1107 878
1210 878 877
1211 1079 1078
1105 1044 1212
1073 1108 1109
1077 1073 1155
1077 1155 1195
1078 1077 1140
1060 1123 1156
1131 1194 1132
1207 1209 1194
1130 1203 1213
1087 1213 1085
1214 1215 1216
1201 1205 1206
1202 1206 1198
1151 1209 1215
1216 1209 1208
1085 1213 1196
1213 1203 1198
1136 1097 1093
1217 1218 1219
1220 1221 1222
1223 1224 1225
1226 1227 1228
1229 1230 1231
1232 1223 1233
1233 1234 1232
1227 1235 1236
1237 1238 1239
1228 1240 1241
1229 1240 1242
1243 1244 1237
1238 1245 1239
1222 1217 1219
1246 1236 1235
1247 1248 1249
1250 1251 1252
1253 1254 1252
1255 1256 1257
1258 1259 1260
1261 1260 1259
1262 1263 1264
1247 1265 1266
1257 1267 1253
609 1264 1268
1258 1248 1269
1252 1254 1250
1270 1248 1266
1271 1265 1262
1253 1272 1257
1252 1273 1253
1274 1261 1259
1270 1269 1248
1275 1257 1272
1276 1277 1273
1278 1274 1279
1272 1280 1275
1281 1282 1274
1283 1284 1285
1286 1287 1288
1289 1290 1285
1291 1292 1288
1293 1294 1287
1295 1284 1296
1297 1298 1299
1300 1291 1301
1302 1303 1304
1283 1305 1296
1255 1306 1307
1275 1308 1306
1309 1292 1310
1311 1312 1290
1270 1313 1314
1315 661 1298
1283 1304 1305
1300 1299 1291
1305 1295 1296
1316 1300 1301
1317 1311 1313
1311 1278 1314
1289 1281 1278
1318 1319 1281
1320 1321 1322
1321 1286 1277
1323 1324 1280
1309 1280 1324
1276 1325 1326
1271 609 673
668 1310 1327
1303 670 1328
1329 671 670
1330 673 674
1317 674 684
1308 668 682
1307 1331 1332
1307 1333 1255
678 1331 1307
1279 1259 1269
1278 1270 1314
1273 1323 1272
1277 1286 1323
1321 1326 1322
1307 681 678
1306 682 681
1313 1271 1330
1334 1266 1265
1317 1313 1330
1313 1311 1314
1284 1289 1285
1287 1291 1288
1290 1283 1285
1292 1286 1288
1294 1301 1287
1335 1318 1284
1292 1298 1310
1312 1302 1290
1310 661 1327
1312 684 671
685 686 1165
955 685 1165
991 687 336
1165 687 991
1002 989 991
1165 686 687
990 1165 991
990 988 953
951 953 988
845 988 843
1002 991 336
1002 335 963
335 162 963
841 963 162
843 989 963
906 909 981
972 1186 1188
1188 1186 850
1188 850 855
981 982 977
982 981 909
910 520 519
853 856 854
1181 1179 1182
1179 1180 1182
1193 1147 1148
1115 1148 1158
976 975 977
1336 1337 1338
1339 1340 1337
1341 1342 1343
1344 1341 1345
1345 1338 1344
1346 1347 1348
1347 1349 1348
1350 1351 1346
1349 1352 1353
1354 1350 1355
1356 1357 1358
1359 1360 1361
1358 1362 1363
1364 1365 1359
1366 1367 1368
1369 1370 1371
1372 1373 1374
1371 1375 1376
1377 1378 1369
1374 1379 1380
1380 1381 1356
1361 1382 1377
1383 1384 1385
1386 1387 1388
1385 1389 1390
1391 1392 1386
1393 1394 1383
1388 1395 1396
1397 1398 1399
1390 1400 1401
1402 1403 1391
1404 1405 1406
1407 1408 1409
1406 1410 1393
1396 1411 1407
1412 1372 1413
1343 1414 1415
1355 1416 1354
1417 1418 1419
1420 1421 1422
1423 1424 1425
1426 1427 1428
1429 1430 1431
1432 1433 1434
1435 1436 1437
1438 1439 1440
1441 1442 1443
1443 1444 1445
1433 1446 1447
1434 1447 1448
1449 1450 1441
1451 1418 1417
1436 1452 1453
1454 1455 1456
1457 1420 1418
1458 1459 1420
1439 1452 1435
1460 1461 1462
1450 1425 1463
1442 1464 1444
1465 1454 1429
1466 1467 1432
1468 1423 1449
1446 1429 1456
1469 1470 1436
1471 1469 1453
1472 1451 1417
1473 1417 1474
1475 1422 1421
1476 1438 1440
1430 1477 1431
1467 1465 1477
1478 1440 1470
1440 1435 1437
1418 1422 1419
1474 1419 1475
1424 1426 1463
1428 1450 1463
1479 1480 1481
1481 1482 1483
1484 1485 1486
1487 1484 1486
1488 1489 1479
1490 1491 1492
1491 1493 1494
1495 1492 1496
1493 1497 1494
1498 1495 1496
1499 1500 1501
1502 1503 1504
1505 1506 1500
1507 1504 1508
1509 1510 1511
1512 1513 1514
1515 1516 1517
1518 1375 1513
1519 1514 1520
1521 1522 1516
1523 1501 1522
1524 1520 1503
1525 1526 1527
1528 1529 1530
1531 1532 1526
1533 1530 1534
1535 1527 1536
1537 1538 1529
1539 1540 1541
1542 1543 1532
1544 1534 1545
1404 1546 1547
1548 1408 1549
1550 1536 1546
1551 1549 1538
1412 1515 1517
1552 1414 1485
1553 1416 1554
1555 1556 1557
1558 1559 1560
1561 1562 1563
1564 1565 1566
1567 1568 1569
1570 1571 1572
1573 1574 1575
1576 1577 1578
1579 1580 1581
1582 1583 1580
1571 1584 1569
1585 1586 1571
1587 1581 1563
1588 1557 1589
1575 1590 1573
1591 1592 1593
1589 1558 1594
1594 1560 1595
1577 1590 1596
1596 1578 1577
1581 1597 1563
1580 1598 1566
1592 1599 1567
1600 1601 1570
1562 1602 1587
1584 1567 1569
1603 1604 1574
1604 1605 1606
1607 1555 1608
1609 1556 1555
1610 1559 1611
1612 1613 1614
1569 1572 1571
1599 1600 1572
1603 1574 1612
1613 1573 1577
1557 1611 1558
1615 1611 1609
1565 1561 1597
1566 1581 1580
1616 1617 1618
1618 1619 1620
1621 1622 1623
1624 1625 1626
1627 1628 1621
1629 1630 1631
1632 1633 1627
1623 1634 1616
1626 1635 1636
1626 1636 1637
1638 1639 1640
1641 1633 1632
1630 1629 1642
1631 1643 1624
1639 1638 1644
1638 1637 1644
1638 1626 1637
1645 1642 1646
1647 1648 1649
1648 1650 1649
1651 1652 1653
1654 1655 1656
1657 1658 1651
1659 1660 1661
1662 1663 1657
1653 1664 1647
1655 1665 1656
1655 1666 1665
1667 1668 1669
1669 1668 1670
1659 1671 1672
1661 1673 1654
1667 1674 1675
1675 1674 1666
1675 1666 1655
1671 1676 1672
174 521 522
1185 850 1186
176 268 521
937 851 1185
1424 1423 1474
1427 1426 1677
1455 1454 1471
1454 1465 1469
1467 1466 1478
1423 1468 1473
1465 1467 1470
1426 1424 1475
1562 1561 1609
1565 1564 1610
1592 1591 1604
1599 1592 1603
1601 1600 1612
1602 1562 1607
1600 1599 1603
1561 1565 1615
592 591 667
1252 1251 1325
489 550 1678
1679 435 434
553 484 1679
484 483 435
1156 1155 1109
1679 484 435
1155 1073 1109
350 349 467
442 441 447
441 391 447
442 350 467
1017 1191 1139
1157 1114 1118
1064 1157 1160
1191 1114 1139
390 1680 391
389 391 429
387 386 1680
386 448 1680
1058 1060 1074
1075 1074 1060
1061 1103 1064
1061 1058 1103
1062 1064 1103
388 387 399
400 399 428
387 1680 390
394 429 392
1063 1102 1065
467 383 385
442 467 482
1053 1139 1192
1139 1114 1113
549 419 550
398 397 432
1212 1072 1106
1212 1108 1073
1080 1030 1057
1030 1029 1057
549 398 402
402 401 549
401 361 420
434 552 1679
1077 1079 1681
1079 1211 1136
1077 1071 1073
489 553 396
202 431 472
431 397 552
397 396 1679
396 553 1679
877 1106 1210
1106 1072 1210
1072 1071 1682
1071 1681 1682
1071 1077 1681
1210 1682 1080
1682 1081 1080
1682 1681 1081
376 552 434
1212 1044 1108
432 402 398
1210 1080 1107
549 489 398
1081 1681 1136
553 470 531
1140 1077 1195
489 1678 553
1678 551 553
255 194 505
330 508 331
869 928 1167
1171 1170 997
1167 992 1169
505 325 328
329 331 347
995 997 1170
504 509 245
503 245 244
503 918 1172
1173 1172 918
194 261 246
921 869 917
197 346 344
346 347 345
1016 996 995
872 1016 873
867 840 998
1015 868 867
192 191 344
345 344 346
157 197 344
838 872 1001
2 1 1683
3 2 1683
6 5 9
1 8 1684
6 4 3
11 10 27
12 13 10
15 7 26
17 16 23
14 19 13
8 21 1684
20 23 19
22 24 21
18 26 16
28 27 717
30 29 37
33 32 36
36 35 37
38 37 29
29 39 38
38 41 42
36 42 33
43 42 41
44 33 42
47 46 59
48 49 46
51 50 43
51 41 65
54 53 52
57 56 59
60 59 46
49 61 168
62 59 56
45 34 33
64 40 68
39 65 41
64 66 65
67 68 70
70 69 67
66 69 536
70 72 81
68 73 72
40 31 73
74 54 534
77 76 55
55 61 53
80 79 495
82 81 72
72 83 82
85 84 150
88 87 142
88 90 290
93 92 96
96 95 100
91 97 90
99 98 102
97 93 96
96 90 97
102 101 99
104 99 101
105 103 135
104 106 108
108 93 104
110 109 129
113 112 493
116 115 537
118 116 535
120 119 118
122 117 123
123 114 113
124 113 126
125 123 124
127 126 129
128 124 127
130 129 109
127 131 128
132 128 131
133 125 128
133 135 103
102 136 134
137 98 91
134 103 102
139 138 217
142 141 537
122 134 136
136 115 122
143 130 109
144 131 130
146 107 507
147 105 135
145 132 131
150 63 62
150 56 139
32 94 35
92 34 95
35 108 291
139 58 140
152 151 260
155 154 186
158 157 191
164 163 160
160 167 161
166 168 165
156 170 154
172 171 156
184 183 289
187 186 340
189 188 254
202 201 334
118 205 120
206 57 60
208 58 230
165 76 163
140 209 138
209 210 138
138 211 217
87 212 141
89 213 87
215 214 89
218 217 211
211 219 218
222 221 305
224 223 227
210 220 211
227 226 263
207 58 57
232 231 315
233 234 236
237 236 234
240 216 218
214 231 213
213 233 212
236 212 233
241 235 204
204 238 205
153 242 151
248 247 261
250 190 251
154 251 190
188 252 253
254 253 333
256 255 328
257 195 255
262 261 196
173 263 226
178 265 179
271 270 273
273 272 275
275 274 277
277 276 279
279 278 281
280 278 283
283 282 280
285 284 286
287 286 685
289 288 298
269 288 183
85 216 215
290 100 86
291 106 292
107 101 105
291 37 35
292 30 291
156 294 172
295 155 187
294 263 172
196 258 262
298 297 289
300 289 297
184 301 225
225 222 220
264 221 224
302 305 221
308 307 524
220 305 219
306 219 305
313 314 315
307 315 314
232 309 234
225 185 184
313 218 219
240 315 231
250 318 252
251 319 250
320 170 299
299 171 297
297 173 300
226 300 173
223 301 226
163 78 167
159 333 253
252 334 201
169 283 278
278 206 169
276 207 206
207 272 230
230 270 208
269 208 270
209 183 185
169 60 168
49 60 46
338 82 1685
73 339 83
293 31 30
149 135 132
260 249 152
190 186 154
189 340 186
341 254 342
333 342 254
343 158 533
201 253 252
159 203 157
348 350 370
351 281 280
354 353 473
271 357 288
358 275 381
359 279 382
357 298 288
362 361 401
365 364 436
367 369 471
370 372 348
375 374 469
373 371 374
378 377 417
380 368 443
277 381 275
382 281 352
384 383 410
319 362 318
393 392 426
152 393 395
153 395 500
299 360 320
320 363 319
362 402 433
395 403 404
395 405 500
408 407 490
410 408 384
413 412 414
413 366 365
417 416 378
418 420 532
421 423 464
424 357 440
426 403 393
413 427 411
382 413 365
394 249 248
262 390 389
258 387 390
256 387 257
248 389 394
392 430 458
318 433 334
436 382 365
359 437 381
438 381 437
356 440 357
430 442 482
443 445 380
446 437 455
447 449 527
448 450 449
439 454 440
455 436 364
457 456 491
457 425 426
463 440 454
465 464 423
470 469 531
273 356 271
439 358 438
438 453 439
471 379 367
424 363 360
463 361 424
465 415 466
353 280 282
473 282 285
474 473 499
355 351 353
366 477 364
414 478 528
476 414 528
481 480 530
458 482 456
429 441 430
455 486 446
448 388 451
453 488 454
364 485 455
458 426 392
491 459 457
454 492 463
446 487 453
420 492 532
126 493 502
494 79 338
405 498 501
499 285 287
243 500 1166
500 501 1166
129 502 110
71 81 80
507 105 148
143 111 1174
83 510 512
339 511 510
292 146 513
82 512 1685
293 513 511
445 514 688
518 317 311
524 525 308
175 178 177
526 306 302
265 302 264
179 264 181
524 314 526
266 526 265
304 518 311
370 442 527
486 368 367
370 449 371
450 469 374
1686 1687 1688
488 379 378
491 385 384
384 490 491
492 378 416
465 418 532
528 515 514
476 514 444
482 385 456
487 367 379
532 416 465
53 50 52
51 54 52
63 47 62
77 54 75
139 85 150
204 535 241
241 141 212
290 85 215
50 44 43
48 45 44
65 534 51
66 74 534
100 84 86
91 142 137
215 88 290
535 537 141
117 119 114
114 121 112
137 537 115
95 63 84
539 479 481
475 538 539
497 404 541
541 403 542
542 425 555
543 497 545
497 544 545
474 545 354
545 355 354
355 540 475
462 478 530
530 412 481
412 539 481
427 539 411
515 461 516
422 551 1678
425 554 555
554 490 407
406 409 556
541 540 544
542 538 540
480 406 547
547 556 548
407 479 554
554 538 555
423 550 418
559 558 585
562 561 584
566 568 572
560 569 579
563 570 571
557 571 570
573 572 586
576 575 582
578 568 567
578 569 577
574 581 575
584 585 558
586 580 573
588 587 611
594 593 591
597 596 608
600 599 603
603 602 600
606 605 610
607 587 589
595 608 593
610 609 1268
588 599 601
607 613 605
615 593 608
616 591 593
602 618 600
601 612 588
608 621 615
622 617 616
618 624 620
626 615 621
619 625 618
630 629 1689
633 632 1690
636 635 1689
639 638 1690
641 634 633
630 643 631
646 645 640
651 650 663
654 596 675
655 621 654
639 656 669
658 637 636
660 612 683
661 647 646
663 629 653
640 648 638
624 637 683
625 635 624
628 665 625
623 642 1691
632 623 622
657 627 626
626 656 657
667 617 680
609 613 673
669 668 1327
670 651 1328
671 652 670
673 672 674
674 659 684
668 655 682
598 675 596
677 678 675
600 620 601
612 624 683
627 616 615
680 623 1691
681 675 678
682 654 681
613 660 672
589 614 607
635 630 1689
638 633 1690
629 636 1689
632 639 1690
649 641 633
665 644 630
646 639 669
650 658 636
661 669 1327
684 658 671
444 477 476
443 485 477
691 690 693
692 690 699
695 694 705
691 697 689
695 699 696
701 700 704
704 703 712
706 705 694
709 708 716
712 711 714
697 713 715
714 710 709
715 24 25
716 707 706
28 702 701
719 718 759
722 721 748
723 724 721
725 720 723
718 726 750
725 727 726
723 728 725
729 728 730
730 722 749
732 731 735
735 734 736
737 736 741
737 727 729
740 739 762
743 742 830
744 733 743
734 745 739
747 733 732
749 748 827
751 750 726
726 738 751
751 753 754
754 752 751
755 69 71
753 69 754
755 756 752
752 758 750
750 759 718
74 740 75
77 761 78
762 745 761
80 763 757
764 757 763
756 765 758
767 766 958
770 769 886
770 772 780
775 774 828
776 777 774
780 779 781
782 781 779
779 775 782
776 772 778
783 784 786
785 782 775
787 786 784
785 789 822
790 775 828
110 791 111
793 112 803
795 794 800
797 795 799
120 799 121
801 800 794
802 803 800
804 793 802
806 802 801
807 805 804
808 804 806
809 792 807
807 810 809
811 808 812
812 806 814
812 788 811
783 813 781
815 781 813
814 786 812
817 816 831
771 819 769
801 814 806
813 794 815
820 809 821
821 810 826
823 822 789
825 787 1168
826 811 1009
768 827 766
768 742 747
721 828 774
774 748 721
724 790 828
817 830 742
833 832 916
836 835 847
839 838 1000
843 842 844
841 167 842
845 746 1003
847 846 848
849 848 933
860 859 983
862 837 836
865 864 922
877 876 1001
797 205 915
879 743 902
830 880 1004
844 761 745
881 831 816
881 882 983
816 883 882
769 884 885
886 885 887
888 887 912
889 818 912
883 890 897
892 891 894
895 894 891
882 897 967
896 898 894
902 830 1004
904 903 907
907 906 904
909 908 911
913 912 887
887 903 913
885 907 903
908 884 914
914 911 908
915 238 911
916 242 243
920 919 1010
923 922 864
835 924 846
864 925 923
866 926 864
929 928 931
931 871 962
932 921 920
933 899 849
855 935 1189
940 939 941
942 941 943
944 943 945
946 945 948
948 947 946
950 947 949
951 952 953
954 953 952
287 955 954
861 956 859
956 938 859
767 912 818
773 778 772
829 789 790
822 784 785
829 720 719
959 719 1008
847 960 836
961 836 960
960 899 900
870 962 871
957 964 987
965 861 860
860 966 965
967 892 966
934 891 970
970 893 978
972 971 974
897 893 892
978 890 980
980 979 978
971 905 904
904 974 971
967 983 882
980 889 913
913 905 980
923 984 985
924 985 986
986 846 924
987 848 846
964 933 848
898 965 966
894 966 892
842 78 761
1000 927 839
925 878 984
1003 951 845
947 879 946
946 902 944
942 902 1004
940 1004 880
880 938 940
859 881 983
1003 744 879
734 744 746
1005 764 763
758 1007 759
1008 759 1007
1009 788 825
834 1010 919
922 837 865
865 863 1011
1011 866 865
927 1012 1013
1013 839 927
876 926 1000
1000 1001 876
1017 1019 1191
1020 949 1052
1022 1021 1146
1025 939 956
943 1026 1051
1027 948 945
1025 957 1070
1031 1030 1137
1033 1032 1091
1036 1035 1143
1018 1045 1019
1043 1042 1141
1043 1046 1041
1048 1047 1142
1037 1050 1115
1051 945 943
1028 949 948
1054 1053 1192
1057 985 984
1066 1065 1102
833 1066 1010
916 1068 833
987 1070 957
986 1056 1070
1073 1072 1212
1030 1081 1137
1068 1082 1066
1068 1084 1083
1086 1085 1215
1055 1086 1214
1089 1088 1100
1089 1091 1090
1049 1092 1144
1093 1031 1137
1095 1097 1211
1098 1025 1070
1067 1082 1130
1089 1101 1052
1028 1089 1052
1102 1010 1066
932 1103 962
962 1058 931
929 1058 1074
920 1062 932
1104 1065 1154
984 1107 1057
1028 1034 1033
1110 1027 1051
1051 1111 1110
1099 1024 1025
1104 1114 1157
1115 1116 1193
1110 1117 1126
1118 1120 1160
1119 1123 1120
1125 1112 1099
1034 1126 1032
1128 1127 1154
1128 1130 1163
1134 1099 1098
1135 1096 1145
1137 1136 1093
1141 1140 1195
1024 941 939
1026 1112 1111
1124 1111 1112
1143 1142 1047
1098 1056 1029
1134 1029 1031
1135 1144 1092
1021 950 1020
1023 952 1021
474 1023 1022
1146 1020 1199
1148 1091 1032
1090 1149 1088
1147 1090 1091
1152 1151 1196
1113 1154 1127
1063 1157 1064
1159 1126 1117
1061 1120 1059
1059 1123 1060
1162 1124 1125
1158 1032 1126
1154 1067 1128
1129 1163 1087
1125 1164 1162
1161 1117 1124
1031 1164 1134
805 493 793
494 763 495
1084 498 1200
499 954 1023
243 1069 916
1069 501 1084
792 502 805
71 757 755
824 787 822
820 111 791
765 1175 1007
1007 1177 1008
959 823 789
764 1176 765
1008 1178 959
1116 1179 1193
1184 982 519
973 1188 1189
852 855 850
1190 978 979
935 970 1190
854 934 935
973 979 971
1189 1190 973
968 1184 969
1114 1019 1118
1159 1037 1158
1118 1045 1119
1121 1141 1122
1119 1043 1121
1162 1142 1161
1129 1192 1127
1054 1087 1086
1164 1048 1162
1135 1093 1097
1150 1181 1149
1147 1179 1150
1139 1127 1192
1161 1035 1159
1094 1092 1164
739 736 734
737 740 760
827 732 749
77 740 762
817 767 818
915 798 797
914 819 798
773 767 958
736 730 735
735 749 732
738 760 753
753 74 536
778 766 777
780 771 770
888 770 886
798 796 795
800 799 795
803 121 799
815 796 771
777 827 748
1197 1196 1198
1199 1198 1206
1200 1083 1084
1201 1082 1083
1202 1130 1082
543 1200 498
1200 1205 1201
474 1204 543
1204 1146 1205
1146 1206 1205
1132 1149 1181
1153 1088 1149
1088 1197 1100
1101 1197 1199
1181 1133 1132
1211 1078 1095
1130 1213 1163
1213 1087 1163
1215 1214 1086
1201 1206 1202
1202 1198 1203
1151 1215 1085
1209 1216 1215
1085 1196 1151
1213 1198 1196
1097 1136 1211
1218 1217 1234
1221 1220 1230
1226 1228 1241
1230 1229 1221
1223 1232 1224
1234 1233 1218
1235 1227 1226
1238 1237 1244
1240 1228 1242
1240 1229 1231
1244 1243 1246
1222 1219 1220
1236 1246 1243
1248 1247 1266
1254 1253 1267
1256 1255 1333
1259 1258 1269
1260 1261 1692
1263 1262 1265
1265 1247 1263
1267 1257 1256
1264 609 1262
1248 1258 1249
1265 1271 1334
1272 1253 1273
1273 1252 1276
1261 1274 1282
1269 1270 1279
1257 1275 1255
1277 1276 1321
1274 1278 1281
1280 1272 1323
1282 1281 1319
1284 1283 1296
1287 1286 1293
1290 1289 1311
1292 1291 1299
1294 1293 1320
1284 1295 1335
1298 1297 1315
1303 1302 1329
1306 1255 1275
1308 1275 1280
1292 1309 1324
1312 1311 1317
1313 1270 1334
661 1315 662
1304 1283 1302
1299 1300 1297
1278 1311 1289
1281 1289 1318
1319 1318 1693
1321 1320 1293
1286 1321 1293
1324 1323 1286
1280 1309 1308
1325 1276 1252
609 1271 1262
1310 668 1309
670 1303 1329
671 1329 1312
673 1330 1271
674 1317 1330
668 1308 1309
1333 1307 1332
1331 678 679
1259 1279 1274
1270 1278 1279
1323 1273 1277
1326 1321 1276
681 1307 1306
682 1306 1308
1271 1313 1334
1266 1334 1270
1289 1284 1318
1291 1287 1301
1283 1290 1302
1286 1292 1324
1301 1294 1316
1318 1335 1693
1298 1292 1299
1302 1312 1329
661 1310 1298
684 1312 1317
1193 1148 1115
1115 1158 1037
1337 1336 1339
1340 1339 1694
1342 1341 1695
1341 1344 1695
1338 1345 1336
1347 1346 1351
1349 1347 1696
1351 1350 1697
1352 1349 1696
1350 1354 1697
1357 1356 1381
1360 1359 1365
1362 1358 1357
1365 1364 1698
1367 1366 1699
1370 1369 1378
1373 1372 1700
1375 1371 1370
1378 1377 1382
1379 1374 1373
1381 1380 1379
1382 1361 1360
1384 1383 1394
1387 1386 1392
1389 1385 1384
1392 1391 1403
1394 1393 1410
1395 1388 1387
1398 1397 1701
1400 1390 1389
1403 1402 1702
1405 1404 1547
1408 1407 1411
1410 1406 1405
1411 1396 1395
1372 1412 1700
1414 1343 1342
1416 1355 1554
1421 1420 1459
1425 1424 1463
1428 1427 1464
1433 1432 1477
1439 1438 1461
1442 1441 1450
1444 1443 1442
1446 1433 1430
1447 1434 1433
1450 1449 1425
1418 1451 1457
1452 1436 1435
1454 1456 1429
1420 1457 1458
1459 1458 1703
1452 1439 1460
1461 1460 1439
1464 1442 1428
1465 1429 1431
1432 1467 1477
1449 1423 1425
1429 1446 1430
1436 1470 1437
1453 1469 1436
1472 1417 1473
1474 1417 1419
1475 1421 1677
1476 1440 1478
1477 1430 1433
1477 1465 1431
1470 1440 1437
1435 1440 1439
1422 1418 1420
1475 1419 1422
1463 1426 1428
1450 1428 1442
1480 1479 1489
1482 1481 1480
1485 1484 1552
1484 1487 1488
1489 1488 1487
1491 1490 1704
1493 1491 1704
1492 1495 1490
1497 1493 1705
1495 1498 1553
1500 1499 1505
1503 1502 1524
1506 1505 1706
1504 1507 1502
1510 1509 1707
1513 1512 1518
1516 1515 1521
1375 1518 1376
1514 1519 1512
1522 1521 1523
1501 1523 1499
1520 1524 1519
1526 1525 1531
1529 1528 1537
1532 1531 1542
1530 1533 1528
1527 1535 1525
1538 1537 1551
1540 1539 1708
1543 1542 1709
1534 1544 1533
1546 1404 1550
1408 1548 1409
1536 1550 1535
1549 1551 1548
1515 1412 1413
1414 1552 1415
1416 1553 1498
1559 1558 1611
1561 1563 1597
1564 1566 1598
1571 1570 1585
1577 1576 1613
1580 1579 1582
1583 1582 1710
1584 1571 1586
1586 1585 1711
1581 1587 1579
1557 1588 1555
1590 1575 1606
1593 1592 1567
1558 1589 1557
1560 1594 1558
1590 1577 1573
1578 1596 1712
1598 1580 1583
1567 1599 1568
1600 1570 1572
1562 1587 1563
1567 1584 1593
1574 1604 1575
1604 1606 1575
1608 1555 1588
1609 1555 1607
1610 1611 1615
1614 1613 1576
1572 1569 1568
1599 1572 1568
1612 1574 1613
1573 1613 1574
1611 1557 1556
1609 1611 1556
1565 1597 1566
1581 1566 1597
1618 1617 1619
1623 1622 1634
1626 1625 1635
1621 1628 1622
1631 1630 1643
1627 1633 1628
1616 1634 1617
1640 1639 1641
1641 1632 1640
1630 1642 1645
1624 1643 1625
1648 1647 1664
1652 1651 1658
1655 1654 1673
1658 1657 1663
1660 1659 1713
1663 1662 1670
1664 1653 1652
1668 1667 1675
1669 1670 1662
1659 1672 1713
1673 1661 1660
1474 1423 1473
1677 1426 1475
1471 1454 1469
1469 1465 1470
1478 1466 1476
1473 1468 1472
1470 1467 1478
1475 1424 1474
1562 1609 1607
1565 1610 1615
1604 1591 1605
1603 1592 1604
1601 1612 1614
1602 1607 1608
1600 1603 1612
1561 1615 1609
1678 550 422
467 349 468
442 447 527
447 391 1680
1017 1139 1138
1157 1118 1160
1064 1160 1061
1680 448 447
550 419 418
432 397 431
1212 1106 1105
1080 1057 1107
1057 1029 1056
549 401 419
401 420 419
1079 1136 1681
431 552 472
397 1679 552
1210 1072 1682
