byte offset: 0
first index: 0
index count: 13080
topology: trianglelist
format: DXGI_FORMAT_R16_UINT

0 1 2
3 4 5
6 7 8
9 10 11
12 13 14
15 16 17
18 19 20
21 22 23
24 25 26
27 28 29
30 31 32
33 34 35
36 37 38
38 39 40
38 41 39
39 41 42
43 44 45
45 46 47
45 47 48
47 49 48
47 50 49
50 51 49
50 52 51
51 52 53
54 55 56
56 57 54
54 57 58
56 59 57
59 56 60
59 60 61
59 61 62
57 59 62
62 61 63
58 57 64
57 62 64
62 63 65
64 62 65
65 63 66
58 64 67
67 68 58
67 69 68
70 69 67
64 65 71
67 64 71
65 66 72
71 65 72
73 72 66
67 71 74
70 67 74
71 72 75
74 71 75
73 76 72
72 76 75
73 77 76
78 75 76
73 79 77
80 77 79
73 81 79
82 79 81
83 82 81
82 83 84
85 84 83
85 83 86
87 85 86
87 86 88
87 88 89
87 89 90
74 75 91
75 78 91
74 91 92
74 92 70
93 91 78
93 78 94
95 92 91
95 91 93
96 70 92
97 70 96
94 98 93
98 94 99
100 95 93
100 93 98
95 101 92
96 92 101
97 96 102
102 103 97
102 104 103
100 105 95
95 105 101
99 106 98
107 100 98
107 98 106
100 108 105
107 108 100
99 109 106
110 109 99
109 111 106
109 112 111
113 106 111
113 107 106
113 114 107
107 114 108
113 115 114
116 114 115
116 115 117
116 118 114
118 108 114
116 119 118
108 118 120
120 105 108
105 120 121
105 121 101
122 101 121
96 101 122
121 123 122
96 122 124
124 102 96
125 122 123
124 122 125
124 126 102
126 104 102
127 125 123
128 127 123
127 129 125
130 127 128
124 125 131
131 125 129
126 124 131
131 129 132
133 131 132
126 131 133
133 132 134
135 104 126
133 135 126
136 104 135
137 133 134
133 137 135
137 134 138
137 138 139
139 135 137
139 136 135
136 139 140
141 142 128
130 128 142
143 130 142
144 130 143
143 145 144
146 144 145
146 147 144
148 147 146
148 149 147
148 150 149
148 151 150
152 153 154
152 155 153
156 155 152
156 157 155
157 156 158
159 160 161
160 159 162
160 162 163
164 162 159
163 162 165
164 165 162
163 165 166
167 166 165
167 165 168
168 165 169
165 164 169
169 164 170
171 172 173
171 173 174
175 171 174
175 174 176
176 177 175
178 179 180
180 181 178
180 182 181
183 178 181
182 184 181
183 181 184
182 185 184
184 186 183
186 187 183
188 186 184
185 188 184
185 189 188
190 191 192
192 191 193
191 194 193
192 193 195
196 192 195
197 198 199
199 198 200
201 200 198
199 200 202
199 202 203
204 205 206
204 206 207
207 206 208
207 208 209
210 209 208
210 211 209
211 210 212
211 212 213
213 212 214
215 204 207
207 209 216
207 216 215
217 209 211
217 216 209
218 217 211
218 211 213
219 216 217
217 218 219
215 220 204
204 220 221
222 215 216
219 222 216
220 215 223
222 223 215
224 221 220
225 221 224
224 220 226
220 223 226
224 226 227
228 227 226
228 226 223
222 228 223
222 229 228
230 229 222
230 222 219
219 231 230
219 218 231
231 218 232
213 232 218
233 231 232
233 234 231
233 235 234
213 236 232
213 214 236
237 232 236
237 236 214
237 233 232
237 214 238
239 237 238
239 233 237
239 238 240
239 241 233
241 235 233
242 235 241
242 241 243
243 244 242
243 245 244
246 244 245
246 247 244
248 249 250
248 251 249
251 252 249
253 252 251
252 253 254
255 256 257
258 256 255
258 255 259
258 260 256
261 258 259
261 260 258
261 259 262
263 261 262
263 264 261
261 264 265
260 261 265
260 265 266
267 268 269
267 269 270
270 271 267
270 272 271
273 271 272
273 272 274
274 275 273
274 276 275
276 277 275
278 270 269
270 279 272
270 278 279
280 274 272
280 272 279
281 274 280
281 276 274
282 280 279
280 282 281
278 269 283
269 284 283
285 279 278
282 279 285
286 283 284
287 286 284
283 288 278
285 278 288
286 289 283
283 289 288
286 290 289
291 289 290
291 288 289
291 285 288
291 292 285
293 285 292
293 282 285
282 293 294
282 294 281
294 295 281
276 281 295
296 295 294
296 294 297
296 297 298
276 295 299
276 299 277
300 299 295
277 299 300
300 295 296
277 300 301
302 301 300
302 300 296
302 303 301
302 296 304
304 296 298
305 304 298
305 306 304
307 306 305
307 305 308
309 307 308
309 308 310
311 312 313
311 313 314
314 313 315
316 314 315
315 317 316
318 319 320
321 318 320
321 322 318
321 320 323
324 322 321
324 321 323
324 325 322
324 326 325
324 327 326
324 328 327
323 328 324
323 329 328
330 331 332
330 333 331
330 334 333
333 335 331
333 336 335
333 337 336
333 334 338
337 339 336
333 338 340
340 337 333
341 340 338
341 338 342
341 342 343
344 343 342
343 344 345
343 345 346
343 346 347
343 347 348
349 343 348
349 341 343
350 340 341
350 341 349
340 350 337
350 349 351
337 350 351
337 351 352
353 337 352
337 353 339
353 354 339
355 353 352
353 355 354
355 352 356
355 357 354
358 355 356
355 358 357
358 356 359
357 358 360
358 359 361
360 358 362
358 361 362
363 364 365
363 365 366
367 363 366
368 366 365
368 365 369
370 366 368
367 366 371
372 367 371
370 373 366
366 373 371
372 371 374
375 372 374
375 374 376
374 377 376
374 378 377
374 371 379
374 379 378
379 371 373
379 380 378
373 370 381
381 379 373
381 380 379
381 370 382
381 383 380
384 380 383
385 383 381
381 382 385
385 382 386
387 388 389
387 389 390
390 391 387
391 390 392
393 390 389
394 392 390
393 394 390
393 395 394
394 395 396
397 398 399
398 397 400
398 400 401
400 402 401
401 402 403
401 403 404
404 403 405
405 406 404
404 406 407
406 408 407
409 408 406
409 410 408
411 412 413
411 414 412
415 414 411
416 412 414
416 417 412
414 418 416
415 419 414
420 419 415
414 421 418
414 419 421
420 422 419
423 422 420
423 424 422
422 424 425
422 425 426
427 419 422
427 422 426
427 421 419
427 426 428
421 429 418
429 421 427
429 427 428
429 430 418
429 428 431
432 431 428
433 429 431
429 433 430
433 434 430
435 436 437
435 437 438
438 437 439
439 440 438
441 435 438
442 438 440
442 441 438
442 443 441
442 444 443
445 446 447
447 448 445
447 449 448
448 449 450
449 451 450
449 452 451
452 453 451
453 452 454
452 455 454
454 455 456
457 454 456
457 456 458
459 460 461
459 462 460
463 460 462
463 464 460
465 466 467
465 467 468
469 470 471
469 471 472
473 474 475
473 476 474
477 476 473
477 478 476
479 478 477
479 480 478
480 479 481
480 481 482
483 484 485
483 485 486
487 488 489
487 489 490
491 492 493
491 493 494
495 496 497
495 498 496
499 496 498
499 500 496
500 501 496
502 501 500
502 500 503
502 503 504
505 502 504
505 506 502
507 508 509
507 510 508
511 510 507
511 507 512
508 510 513
514 508 513
514 513 515
514 515 516
517 516 515
517 515 518
519 520 521
519 522 520
523 522 519
523 524 522
525 526 527
525 527 528
529 530 531
529 531 532
533 534 535
533 535 536
537 538 539
537 540 538
540 541 538
540 542 541
541 542 543
543 544 541
545 543 542
546 547 548
546 549 547
546 550 549
546 551 550
551 552 550
551 553 552
554 555 556
557 556 555
555 558 557
559 556 557
559 560 556
561 560 559
561 562 560
563 564 565
563 566 564
567 566 563
567 568 566
569 568 567
569 570 568
571 570 569
571 572 570
573 572 571
573 574 572
575 574 573
575 576 574
577 578 579
577 579 580
581 582 583
581 583 584
585 586 587
585 587 588
589 590 591
589 591 592
592 591 593
592 593 594
593 595 594
595 593 596
597 594 595
598 599 600
598 600 601
598 601 602
598 602 603
603 602 604
603 604 605
606 607 608
609 608 607
608 609 610
611 609 607
611 607 612
613 611 612
613 612 614
615 616 617
615 618 616
618 619 616
618 620 619
620 621 619
620 622 621
622 623 621
622 624 623
624 625 623
624 626 625
626 627 625
626 628 627
629 630 631
629 631 632
632 633 629
632 634 633
632 631 635
636 632 635
632 636 637
637 636 638
637 638 639
640 637 639
640 641 637
641 640 642
641 642 643
644 645 646
644 647 645
648 645 647
648 647 649
650 648 649
650 651 648
648 651 652
653 652 651
653 654 652
654 655 652
654 656 655
657 652 655
657 658 652
656 659 655
659 656 660
659 660 661
661 662 659
663 664 665
663 665 666
667 663 666
668 666 665
668 669 666
667 666 670
671 670 666
672 670 671
672 671 673
671 674 673
671 675 674
676 674 675
676 675 677
678 679 680
678 681 679
681 678 682
681 682 683
682 684 683
682 685 684
686 685 682
685 686 687
686 688 687
689 688 686
689 690 688
686 691 689
686 692 691
693 690 689
690 693 694
694 693 695
695 693 696
697 698 699
697 699 700
699 701 700
702 703 704
702 704 705
702 705 706
702 706 707
708 709 710
708 710 711
712 708 711
712 713 708
714 713 712
714 715 713
715 714 716
715 716 717
718 719 720
718 720 721
722 723 724
722 724 725
722 725 726
722 726 727
727 726 728
727 728 729
730 731 732
730 732 733
734 735 736
734 737 735
738 737 734
738 734 739
740 741 742
740 742 743
744 745 746
744 746 747
747 748 744
749 750 751
749 751 752
752 753 749
752 754 753
754 755 753
754 756 755
757 755 756
757 756 758
759 760 761
759 761 762
763 764 765
763 765 766
767 766 765
767 765 768
769 767 768
769 768 770
771 772 773
774 772 771
774 771 775
776 774 775
776 775 777
777 778 776
779 780 781
781 780 782
781 782 783
783 782 784
783 784 785
784 786 785
787 788 789
787 789 790
791 792 793
791 794 792
791 795 794
794 795 796
791 797 795
796 795 798
791 799 797
796 798 800
801 797 799
801 799 802
801 803 797
803 801 804
805 803 804
805 798 803
805 804 806
807 805 806
807 806 808
809 807 808
800 798 810
805 810 798
807 810 805
800 810 811
812 811 810
807 812 810
812 813 811
812 814 813
812 815 814
807 815 812
815 816 814
809 817 807
807 817 815
818 817 809
815 819 816
817 819 815
819 820 816
818 821 817
817 821 819
819 822 820
821 818 823
824 820 822
823 825 821
826 824 822
825 826 822
826 827 824
826 828 827
825 829 826
829 825 823
829 823 830
831 832 833
831 833 834
834 833 835
833 836 835
837 838 839
837 839 840
841 842 843
841 844 842
842 844 845
842 845 846
847 848 849
847 850 848
847 851 850
847 852 851
853 854 855
853 856 854
854 856 857
854 857 858
859 860 861
859 862 860
863 862 859
864 860 862
864 865 860
864 866 865
864 867 866
868 867 864
868 864 862
868 869 867
870 869 868
863 871 862
868 862 871
872 871 863
870 868 873
873 868 871
872 874 871
873 871 874
875 874 872
876 870 873
876 873 874
876 877 870
878 877 876
875 879 874
876 874 879
880 879 875
878 876 881
881 876 879
880 882 879
881 879 882
883 882 880
884 878 881
884 881 882
884 885 878
883 886 882
884 882 886
887 886 883
888 885 884
888 884 886
888 889 885
887 890 886
888 886 890
891 889 888
891 892 889
893 891 888
893 888 890
890 894 893
887 894 890
895 894 887
896 897 898
896 898 899
900 896 899
900 899 901
902 899 898
901 899 902
902 898 903
904 902 903
901 902 905
905 902 904
904 903 906
905 904 907
904 906 908
909 907 904
904 908 910
909 904 910
911 912 913
911 913 914
915 916 917
915 918 916
918 919 916
920 918 915
920 915 921
920 921 922
920 922 923
924 920 923
924 918 920
924 923 925
926 924 925
918 927 919
924 927 918
928 919 927
926 929 924
929 927 924
928 927 930
929 930 927
931 928 930
932 929 926
932 930 929
932 926 933
934 932 933
931 930 935
932 935 930
936 931 935
934 937 932
937 935 932
936 935 938
937 938 935
938 939 936
940 937 934
940 938 937
940 934 941
938 942 939
940 942 938
942 943 939
944 940 941
944 942 940
944 941 945
942 946 943
944 946 942
945 947 944
945 948 947
944 947 949
944 949 946
946 949 950
943 946 950
951 943 950
952 953 954
952 955 953
956 955 952
956 957 955
953 955 958
957 958 955
953 958 959
959 958 960
957 961 958
961 960 958
959 960 962
961 963 960
960 964 962
960 963 965
960 966 964
960 965 966
967 968 969
967 969 970
971 972 973
971 973 974
975 971 976
975 976 977
978 979 980
980 981 978
980 982 981
982 983 981
984 985 986
984 987 985
988 985 987
988 987 989
990 988 989
990 991 988
992 993 994
992 994 995
996 995 994
996 994 997
998 999 1000
1000 999 1001
1000 1001 1002
1001 1003 1002
1004 1005 1006
1004 1006 1007
1008 1009 1010
1008 1010 1011
1012 1013 1014
1012 1014 1015
1016 1017 1018
1016 1018 1019
1020 1021 1022
1020 1022 1023
1024 1025 1026
1024 1026 1027
1028 1029 1030
1028 1030 1031
1032 1033 1034
1032 1034 1035
1036 1037 1038
1036 1038 1039
1040 1041 1042
1040 1042 1043
1044 1045 1046
1044 1046 1047
1048 1049 1050
1048 1051 1049
1051 1052 1049
1051 1053 1052
1053 1054 1052
1053 1055 1054
1055 1056 1054
1055 1057 1056
1057 1058 1056
1057 1059 1058
1059 1060 1058
1059 1061 1060
1062 1063 1064
1062 1065 1063
1065 1062 1066
1065 1066 1067
1068 1067 1066
1068 1066 1069
1070 1068 1069
1070 1069 1071
1072 1070 1071
1072 1073 1070
1074 1075 1076
1074 1076 1077
1078 1079 1080
1078 1080 1081
1082 1083 1084
1082 1084 1085
1086 1082 1085
1086 1087 1082
1088 1089 1090
1088 1090 1091
1092 1093 1094
1092 1094 1095
1096 1097 1098
1096 1098 1099
1100 1101 1102
1100 1102 1103
1104 1105 1106
1104 1106 1107
1108 1109 1110
1108 1110 1111
1112 1113 1114
1112 1114 1115
1116 1117 1118
1116 1118 1119
1120 1121 1122
1120 1122 1123
1124 1125 1126
1124 1126 1127
1128 1124 1127
1128 1129 1124
1130 1129 1128
1130 1131 1129
1132 1131 1130
1132 1130 1133
1134 1132 1133
1134 1135 1132
1135 1134 1136
1135 1136 1137
1138 1137 1136
1138 1139 1137
1140 1141 1142
1143 1140 1142
1144 1140 1143
1144 1143 1145
1144 1145 1146
1147 1148 1149
1148 1150 1149
1151 1150 1148
1151 1152 1150
1153 1152 1151
1154 1155 1156
1154 1157 1155
1158 1157 1154
1158 1154 1159
1160 1158 1159
1160 1161 1158
1162 1163 1164
1162 1164 1165
1166 1167 1168
1166 1168 1169
1170 1171 1172
1170 1172 1173
1174 1170 1173
1174 1175 1170
1176 1175 1174
1176 1174 1177
1178 1179 1180
1178 1180 1181
1182 1183 1184
1182 1184 1185
1186 1187 1188
1186 1188 1189
1190 1186 1191
1190 1191 1192
1193 1194 1195
1194 1193 1196
1194 1196 1197
1197 1196 1198
1199 1200 1201
1199 1201 1202
1202 1201 1203
1202 1203 1204
1203 1205 1204
1203 1206 1205
1207 1208 1209
1207 1210 1208
1211 1208 1210
1211 1212 1208
1213 1214 1215
1214 1216 1215
1214 1217 1216
1216 1217 1218
1219 1220 1221
1219 1221 1222
1223 1224 1225
1223 1225 1226
1227 1228 1229
1227 1229 1230
1231 1232 1233
1231 1233 1234
1235 1236 1237
1235 1237 1238
1239 1240 1241
1239 1241 1242
1243 1244 1245
1243 1245 1246
1247 1248 1249
1247 1249 1250
1251 1252 1253
1251 1253 1254
1255 1256 1257
1255 1257 1258
1259 1260 1261
1259 1262 1260
1259 1263 1262
1259 1264 1263
1263 1264 1265
1263 1265 1266
1267 1266 1265
1267 1268 1266
1269 1270 1271
1272 1271 1270
1272 1273 1271
1274 1275 1276
1274 1276 1277
1278 1279 1280
1279 1281 1280
1279 1282 1281
1283 1284 1285
1283 1286 1284
1286 1283 1287
1286 1287 1288
1289 1288 1287
1289 1290 1288
1291 1292 1293
1293 1292 1294
1294 1292 1295
1296 1297 1298
1296 1298 1299
1300 1296 1299
1300 1299 1301
1302 1303 1304
1304 1303 1305
1304 1305 1306
1307 1308 1309
1310 1308 1307
1310 1307 1311
1310 1311 1312
1313 1314 1315
1313 1315 1316
1317 1318 1319
1320 1319 1318
1320 1321 1319
1321 1320 1322
1323 1319 1321
1321 1322 1324
1324 1322 1325
1323 1321 1326
1321 1324 1326
1327 1323 1326
1324 1325 1328
1324 1329 1326
1328 1329 1324
1325 1330 1328
1325 1331 1330
1332 1330 1331
1332 1331 1333
1332 1333 1334
1335 1330 1332
1335 1336 1330
1337 1336 1335
1338 1328 1330
1338 1330 1336
1337 1339 1336
1340 1339 1337
1340 1341 1339
1341 1340 1342
1343 1336 1339
1343 1338 1336
1338 1344 1328
1328 1344 1329
1345 1339 1341
1345 1343 1339
1338 1343 1346
1338 1346 1344
1343 1347 1346
1343 1345 1347
1344 1346 1348
1349 1329 1344
1349 1344 1348
1341 1342 1350
1351 1350 1342
1352 1329 1349
1326 1329 1352
1349 1348 1353
1353 1348 1354
1355 1349 1353
1355 1352 1349
1355 1353 1356
1326 1352 1357
1327 1326 1357
1327 1357 1358
1327 1358 1359
1360 1357 1352
1360 1358 1357
1361 1358 1360
1359 1358 1362
1361 1362 1358
1359 1362 1363
1352 1364 1360
1352 1355 1364
1364 1361 1360
1355 1365 1364
1364 1365 1361
1366 1363 1362
1366 1367 1363
1366 1368 1367
1366 1369 1368
1370 1368 1369
1370 1369 1371
1366 1362 1372
1369 1366 1372
1371 1369 1373
1369 1372 1373
1371 1373 1374
1372 1362 1375
1362 1361 1375
1373 1372 1376
1375 1376 1372
1374 1373 1377
1373 1376 1377
1378 1375 1361
1378 1376 1375
1374 1377 1379
1380 1379 1377
1381 1374 1379
1379 1382 1381
1382 1379 1380
1383 1382 1380
1376 1384 1377
1376 1378 1384
1380 1377 1384
1378 1361 1385
1385 1361 1365
1386 1384 1378
1380 1384 1386
1386 1378 1385
1383 1380 1387
1383 1387 1388
1380 1386 1389
1389 1387 1380
1388 1387 1390
1388 1390 1391
1392 1390 1387
1392 1387 1389
1393 1389 1386
1393 1386 1385
1393 1392 1389
1385 1365 1394
1393 1385 1394
1395 1392 1393
1393 1394 1395
1396 1394 1365
1355 1396 1365
1354 1396 1355
1392 1395 1397
1392 1397 1398
1397 1399 1398
1400 1395 1394
1396 1400 1394
1400 1397 1395
1354 1401 1396
1400 1396 1401
1401 1354 1402
1402 1399 1403
1397 1403 1399
1400 1403 1397
1402 1403 1401
1400 1401 1403
1404 1405 1406
1407 1405 1404
1407 1408 1405
1408 1407 1409
1408 1409 1410
1411 1410 1409
1410 1411 1412
1411 1409 1413
1414 1411 1413
1415 1416 1417
1415 1417 1418
1418 1419 1415
1418 1420 1419
1417 1421 1418
1418 1421 1420
1417 1422 1421
1421 1423 1420
1424 1421 1422
1421 1424 1423
1424 1422 1425
1426 1423 1424
1427 1424 1425
1426 1424 1428
1427 1428 1424
1429 1430 1431
1429 1431 1432
1432 1433 1429
1432 1434 1433
1433 1434 1435
1436 1437 1438
1439 1437 1436
1439 1440 1437
1439 1441 1440
1439 1442 1441
1442 1443 1441
1442 1444 1443
1445 1443 1444
1445 1446 1443
1447 1446 1445
1447 1448 1446
1448 1447 1449
1450 1451 1452
1453 1452 1451
1453 1454 1452
1454 1453 1455
1454 1455 1456
1456 1455 1457
1458 1459 1460
1458 1461 1459
1462 1461 1458
1462 1463 1461
1461 1464 1459
1465 1461 1463
1461 1466 1464
1465 1466 1461
1467 1464 1466
1468 1466 1465
1467 1466 1468
1468 1465 1469
1470 1467 1468
1471 1468 1469
1470 1468 1471
1471 1469 1472
1470 1471 1473
1471 1472 1473
1474 1475 1476
1477 1475 1474
1477 1474 1478
1479 1475 1477
1477 1478 1480
1479 1477 1481
1482 1479 1481
1482 1481 1483
1481 1477 1484
1477 1485 1484
1477 1480 1486
1477 1486 1485
1486 1480 1487
1485 1486 1488
1486 1487 1488
1485 1488 1489
1490 1489 1488
1491 1488 1487
1490 1488 1492
1491 1493 1488
1491 1494 1493
1491 1495 1494
1494 1495 1496
1497 1490 1492
1497 1492 1498
1497 1498 1499
1497 1499 1500
1499 1501 1500
1502 1503 1504
1505 1502 1504
1505 1504 1506
1507 1505 1506
1508 1509 1510
1508 1510 1511
1512 1511 1510
1512 1510 1513
1513 1514 1512
1513 1515 1514
1515 1516 1514
1515 1517 1516
1516 1517 1518
1519 1520 1521
1519 1522 1520
1522 1523 1520
1522 1524 1523
1524 1525 1523
1526 1527 1528
1526 1528 1529
1526 1529 1530
1530 1529 1531
1530 1531 1532
1532 1531 1533
1532 1533 1534
1532 1534 1535
1532 1535 1536
1532 1536 1537
1536 1538 1537
1536 1539 1538
1539 1540 1538
1535 1541 1536
1535 1542 1541
1541 1542 1543
1541 1543 1544
1544 1543 1545
1533 1531 1546
1533 1546 1547
1546 1548 1547
1549 1548 1546
1548 1549 1550
1549 1551 1550
1550 1551 1552
1546 1531 1553
1549 1546 1554
1546 1553 1554
1555 1551 1549
1554 1555 1549
1554 1556 1555
1554 1557 1556
1554 1553 1557
1555 1558 1551
1553 1559 1557
1553 1560 1559
1559 1560 1561
1562 1553 1531
1531 1563 1562
1562 1564 1553
1565 1562 1563
1566 1551 1558
1566 1567 1551
1566 1558 1568
1566 1568 1569
1569 1568 1570
1569 1570 1571
1571 1570 1572
1571 1572 1573
1574 1573 1572
1574 1575 1573
1576 1575 1574
1565 1577 1562
1565 1578 1577
1577 1564 1562
1577 1578 1579
1577 1579 1564
1580 1581 1582
1583 1580 1582
1583 1584 1580
1583 1585 1584
1583 1586 1585
1586 1587 1585
1588 1589 1590
1590 1589 1591
1591 1592 1590
1592 1591 1593
1594 1592 1593
1594 1595 1592
1596 1595 1594
1596 1597 1595
1598 1597 1596
1598 1596 1599
1599 1600 1598
1599 1601 1600
1601 1602 1600
1601 1603 1602
1603 1604 1602
1603 1605 1604
1604 1606 1602
1606 1604 1607
1606 1607 1608
1607 1604 1609
1610 1608 1607
1610 1607 1609
1610 1609 1611
1610 1612 1608
1610 1611 1613
1614 1612 1610
1610 1613 1614
1614 1615 1612
1616 1614 1613
1615 1614 1617
1616 1617 1614
1615 1617 1618
1617 1616 1619
1618 1617 1619
1620 1621 1622
1620 1623 1621
1623 1620 1624
1623 1624 1625
1625 1624 1626
1625 1626 1627
1628 1626 1624
1628 1629 1626
1630 1629 1628
1630 1631 1629
1630 1632 1631
1630 1633 1632
1633 1634 1632
1635 1636 1637
1638 1636 1635
1638 1635 1639
1640 1638 1639
1640 1639 1641
1640 1641 1642
1643 1644 1645
1643 1646 1644
1646 1647 1644
1646 1648 1647
1647 1648 1649
1650 1651 1652
1652 1651 1653
1652 1653 1654
1654 1653 1655
1654 1655 1656
1655 1657 1656
1658 1657 1655
1658 1659 1657
1658 1660 1659
1661 1655 1653
1662 1661 1653
1662 1653 1663
1664 1662 1663
1664 1663 1665
1665 1666 1664
1664 1666 1667
1667 1666 1668
1669 1667 1668
1664 1667 1670
1669 1670 1667
1664 1670 1662
1671 1670 1669
1672 1662 1670
1671 1672 1670
1672 1661 1662
1673 1672 1671
1673 1674 1672
1674 1661 1672
1675 1674 1673
1674 1676 1661
1661 1676 1655
1655 1676 1677
1674 1677 1676
1655 1677 1658
1675 1678 1674
1674 1678 1677
1679 1678 1675
1677 1680 1658
1678 1680 1677
1658 1680 1660
1681 1660 1680
1678 1682 1680
1679 1682 1678
1682 1681 1680
1683 1682 1679
1682 1683 1681
1683 1679 1684
1684 1685 1683
1681 1683 1685
1684 1686 1685
1687 1685 1686
1687 1688 1685
1689 1688 1687
1681 1685 1690
1690 1685 1688
1689 1691 1688
1692 1691 1689
1690 1688 1693
1691 1693 1688
1692 1694 1691
1694 1692 1695
1691 1696 1693
1694 1696 1691
1694 1695 1697
1698 1697 1695
1699 1690 1693
1696 1699 1693
1694 1700 1696
1700 1694 1697
1696 1701 1699
1700 1701 1696
1690 1702 1681
1681 1702 1703
1703 1660 1681
1703 1704 1660
1660 1704 1705
1660 1705 1706
1704 1707 1705
1708 1706 1705
1708 1709 1706
1705 1707 1710
1710 1708 1705
1707 1711 1710
1710 1712 1708
1709 1708 1713
1709 1713 1714
1715 1708 1712
1715 1713 1708
1715 1712 1716
1717 1715 1716
1718 1714 1713
1718 1719 1714
1717 1720 1715
1721 1720 1717
1713 1715 1722
1722 1715 1720
1713 1722 1718
1721 1723 1720
1723 1722 1720
1723 1721 1724
1725 1723 1724
1723 1725 1722
1718 1722 1726
1719 1718 1727
1718 1726 1727
1719 1727 1728
1729 1727 1726
1730 1728 1727
1729 1730 1727
1730 1731 1728
1732 1730 1729
1732 1731 1730
1733 1734 1735
1736 1734 1733
1736 1737 1734
1738 1737 1736
1738 1739 1737
1738 1740 1739
1741 1742 1743
1744 1741 1743
1744 1745 1741
1745 1744 1746
1747 1748 1749
1747 1750 1748
1750 1747 1751
1752 1753 1754
1752 1755 1753
1755 1752 1756
1757 1758 1759
1758 1757 1760
1758 1760 1761
1762 1761 1760
1763 1764 1765
1766 1764 1763
1766 1767 1764
1766 1763 1768
1769 1767 1766
1766 1768 1770
1770 1768 1771
1770 1771 1772
1769 1766 1773
1770 1773 1766
1770 1774 1773
1773 1775 1769
1776 1773 1774
1773 1776 1775
1776 1774 1777
1778 1776 1777
1779 1775 1776
1778 1780 1776
1779 1781 1775
1782 1781 1779
1782 1783 1781
1783 1782 1784
1783 1784 1785
1785 1784 1786
1787 1780 1778
1787 1788 1780
1789 1788 1787
1789 1787 1790
1791 1789 1790
1791 1792 1789
1793 1792 1791
1794 1795 1796
1794 1796 1797
1794 1797 1798
1798 1797 1799
1800 1799 1797
1800 1797 1801
1801 1802 1800
1801 1803 1802
1804 1802 1803
1804 1805 1802
1805 1804 1806
1805 1806 1807
1808 1807 1806
1808 1809 1807
1809 1808 1810
1809 1810 1811
1812 1810 1808
1813 1810 1812
1813 1812 1814
1815 1810 1813
1814 1816 1813
1815 1813 1816
1815 1816 1817
1814 1818 1816
1816 1819 1817
1820 1816 1818
1816 1820 1819
1820 1818 1821
1822 1819 1820
1821 1823 1820
1822 1820 1823
1821 1824 1823
1823 1825 1822
1824 1826 1823
1823 1826 1825
1824 1827 1826
1825 1826 1828
1826 1827 1828
1829 1830 1831
1829 1832 1830
1832 1833 1830
1832 1834 1833
1835 1833 1834
1835 1836 1833
1837 1833 1836
1837 1836 1838
1838 1839 1837
1838 1840 1839
1840 1841 1839
1840 1842 1841
1843 1841 1842
1843 1844 1841
1845 1844 1843
1846 1847 1848
1847 1846 1849
1847 1849 1850
1850 1849 1851
1850 1851 1852
1852 1851 1853
1852 1853 1854
1854 1853 1855
1856 1857 1858
1856 1858 1859
1859 1858 1860
1859 1860 1861
1862 1861 1860
1862 1863 1861
1863 1862 1864
1865 1866 1867
1868 1865 1867
1868 1867 1869
1870 1868 1869
1870 1869 1871
1872 1870 1871
1872 1871 1873
1874 1872 1873
1875 1872 1874
1875 1874 1876
1877 1875 1876
1872 1878 1870
1879 1870 1878
1879 1880 1870
1880 1879 1881
1880 1881 1882
1883 1882 1881
1883 1884 1882
1885 1884 1883
1883 1881 1886
1879 1886 1881
1885 1883 1887
1883 1886 1887
1885 1887 1888
1889 1888 1887
1889 1887 1886
1886 1890 1889
1886 1891 1890
1879 1891 1886
1891 1892 1890
1893 1891 1879
1891 1893 1892
1893 1894 1892
1893 1879 1878
1893 1895 1894
1895 1893 1878
1895 1896 1894
1895 1878 1897
1872 1897 1878
1898 1897 1872
1895 1897 1898
1898 1872 1875
1895 1899 1896
1895 1898 1899
1900 1896 1899
1901 1898 1875
1901 1899 1898
1877 1901 1875
1901 1877 1902
1901 1903 1899
1900 1899 1903
1903 1901 1902
1900 1903 1904
1903 1902 1904
1900 1904 1905
1906 1905 1904
1906 1904 1902
1906 1907 1905
1908 1907 1906
1908 1906 1909
1910 1908 1909
1902 1877 1911
1911 1877 1912
1906 1902 1913
1909 1906 1913
1910 1909 1914
1915 1910 1914
1902 1911 1916
1916 1913 1902
1916 1911 1917
1917 1911 1918
1911 1912 1918
1919 1918 1912
1909 1913 1920
1914 1909 1920
1915 1914 1921
1921 1922 1915
1916 1923 1913
1923 1920 1913
1914 1920 1924
1924 1921 1914
1921 1925 1922
1925 1926 1922
1919 1927 1918
1927 1919 1928
1929 1923 1916
1916 1917 1929
1923 1930 1920
1924 1920 1930
1924 1931 1921
1925 1921 1931
1929 1932 1923
1932 1930 1923
1924 1930 1933
1931 1924 1933
1917 1934 1929
1929 1934 1932
1932 1935 1930
1933 1930 1935
1917 1936 1934
1917 1937 1936
1917 1938 1937
1934 1939 1932
1939 1935 1932
1917 1940 1938
1917 1918 1940
1934 1941 1939
1941 1934 1942
1918 1943 1940
1918 1927 1943
1939 1944 1935
1939 1945 1944
1945 1939 1941
1945 1941 1946
1947 1935 1944
1948 1946 1941
1947 1949 1935
1947 1950 1949
1933 1935 1949
1948 1941 1951
1952 1948 1951
1941 1942 1951
1953 1949 1950
1953 1933 1949
1953 1950 1954
1931 1933 1953
1953 1954 1955
1956 1931 1953
1956 1953 1955
1925 1931 1956
1952 1951 1957
1958 1952 1957
1951 1942 1959
1959 1957 1951
1942 1960 1959
1961 1959 1960
1959 1961 1957
1961 1960 1962
1963 1957 1961
1962 1963 1961
1958 1957 1963
1962 1964 1963
1958 1963 1965
1965 1963 1964
1958 1965 1966
1965 1964 1967
1966 1965 1968
1968 1965 1967
1966 1968 1969
1968 1967 1970
1969 1968 1971
1970 1971 1968
1972 1973 1974
1975 1973 1972
1975 1972 1976
1977 1975 1976
1977 1976 1978
1979 1977 1978
1979 1978 1980
1981 1979 1980
1982 1983 1984
1984 1983 1985
1984 1985 1986
1987 1986 1985
1987 1988 1986
1988 1987 1989
1990 1991 1992
1990 1992 1993
1994 1990 1993
1994 1993 1995
1995 1996 1994
1997 1998 1999
1997 2000 1998
1997 2001 2000
2002 2000 2001
2002 2001 2003
2004 2002 2003
2004 2005 2002
2004 2006 2005
2007 2006 2004
2007 2004 2008
2007 2008 2009
2010 2011 2012
2013 2011 2010
2013 2010 2014
2013 2014 2015
2013 2015 2016
2015 2017 2016
2015 2018 2017
2018 2019 2017
2018 2020 2019
2019 2020 2021
2019 2021 2022
2022 2021 2023
2024 2025 2026
2027 2024 2026
2027 2028 2024
2027 2029 2028
2024 2028 2030
2030 2028 2029
2027 2031 2029
2030 2029 2032
2033 2029 2031
2034 2032 2029
2033 2035 2029
2034 2029 2035
2036 2035 2033
2036 2034 2035
2037 2038 2039
2037 2039 2040
2041 2040 2039
2042 2043 2044
2044 2043 2045
2044 2045 2046
2046 2045 2047
2048 2047 2045
2049 2048 2045
2046 2047 2050
2049 2051 2048
2051 2049 2052
2051 2052 2053
2053 2052 2054
2055 2053 2054
2056 2053 2055
2056 2051 2053
2056 2048 2051
2056 2057 2048
2058 2048 2057
2058 2059 2048
2048 2059 2047
2047 2059 2060
2061 2047 2060
2061 2060 2062
2062 2060 2063
2062 2063 2064
2063 2065 2064
2063 2066 2065
2067 2047 2061
2067 2068 2047
2050 2047 2068
2069 2050 2068
2068 2067 2069
2069 2070 2050
2071 2070 2069
2071 2069 2072
2073 2071 2072
2073 2072 2074
2075 2074 2072
2075 2072 2069
2067 2075 2069
2067 2076 2075
2067 2077 2076
2076 2077 2078
2079 2080 2081
2079 2081 2082
2081 2083 2082
2084 2085 2086
2085 2087 2086
2085 2088 2087
2088 2089 2087
2088 2090 2089
2090 2088 2091
2092 2091 2088
2090 2091 2093
2090 2093 2094
2091 2095 2093
2093 2095 2096
2091 2097 2095
2092 2098 2091
2097 2091 2098
2092 2099 2098
2097 2098 2100
2099 2100 2098
2101 2102 2103
2101 2104 2102
2105 2102 2104
2106 2107 2108
2106 2109 2107
2106 2110 2109
2106 2111 2110
2112 2110 2111
2112 2111 2113
2113 2114 2112
1938 2115 2116
1938 2117 2115
1938 1940 2117
2118 2115 2117
2117 1940 2119
2120 2117 2119
2118 2117 2121
2120 2121 2117
2121 2122 2118
2121 2120 2123
2121 2124 2122
2121 2123 2124
2124 2125 2122
2123 2125 2124
1943 2126 1940
2126 1943 2127
2126 2127 2128
2128 2127 2129
2130 2129 2127
2131 2127 1943
2131 1943 1927
2130 2127 2132
2131 2132 2127
2133 2130 2132
2133 2132 2134
2131 2134 2132
2131 1927 2135
2136 2131 2135
1927 1928 2135
2136 2135 2137
1928 2137 2135
2137 2138 2136
1928 2139 2137
2137 2140 2138
2140 2137 2139
2140 2141 2138
2140 2139 2142
2142 2141 2140
2143 2144 2145
2143 2145 2146
2147 2143 2146
2147 2146 2148
2149 2147 2148
2149 2148 2150
2151 2149 2150
2151 2152 2149
2152 2151 2153
2152 2153 2154
2155 2156 2157
2155 2158 2156
2159 2156 2158
2160 2158 2155
2159 2158 2161
2161 2162 2159
2160 2163 2158
2163 2161 2158
2164 2162 2161
2163 2164 2161
2164 2165 2162
2166 2163 2160
2164 2163 2166
2166 2160 2167
2166 2167 2168
2164 2169 2165
2164 2166 2169
2170 2165 2169
2171 2166 2168
2171 2169 2166
2171 2168 2172
2171 2172 2173
2170 2169 2174
2171 2174 2169
2171 2173 2175
2175 2174 2171
2175 2173 2176
2170 2174 2177
2175 2177 2174
2176 2177 2175
2170 2177 2178
2176 2179 2177
2177 2180 2178
2177 2179 2180
2181 2182 2183
2181 2184 2182
2184 2181 2185
2184 2185 2186
2187 2186 2185
2187 2188 2186
2189 2188 2187
2189 2190 2188
2191 2192 2193
2194 2191 2193
2195 2191 2194
2195 2196 2191
2195 2197 2196
2196 2197 2198
2199 2196 2198
2199 2200 2196
2199 2201 2200
2202 2200 2201
2203 2200 2202
2204 2205 2206
2204 2207 2205
2207 2204 2208
2209 2205 2207
2207 2208 2210
2208 2211 2210
2209 2207 2212
2210 2212 2207
2213 2209 2212
2214 2210 2211
2210 2214 2212
2214 2211 2215
2215 2216 2214
2213 2212 2217
2214 2217 2212
2214 2216 2217
2217 2218 2213
2219 2217 2216
2217 2219 2218
2219 2216 2220
2221 2219 2220
2222 2218 2219
2218 2222 2223
2221 2224 2219
2222 2219 2224
2224 2221 2225
2226 2222 2224
2226 2224 2225
2223 2222 2226
2226 2225 2227
2223 2226 2228
2228 2229 2223
2228 2226 2230
2226 2227 2230
2229 2228 2231
2228 2230 2231
2229 2231 2232
2233 2232 2231
2233 2231 2234
2234 2235 2233
2231 2230 2236
2231 2236 2234
2234 2237 2235
2238 2235 2237
2239 2230 2227
2239 2236 2230
2240 2234 2236
2240 2237 2234
2236 2239 2241
2236 2241 2240
2238 2237 2242
2243 2237 2240
2243 2242 2237
2244 2240 2241
2244 2243 2240
2242 2245 2238
2245 2246 2238
2247 2246 2245
2247 2245 2248
2249 2247 2248
2242 2250 2245
2250 2248 2245
2251 2242 2243
2251 2250 2242
2250 2252 2248
2251 2252 2250
2249 2248 2253
2253 2248 2252
2254 2249 2253
2254 2255 2249
2243 2244 2256
2243 2256 2251
2253 2252 2257
2254 2253 2257
2255 2254 2258
2255 2258 2259
2260 2259 2258
2260 2261 2259
2262 2261 2260
2262 2263 2261
2264 2263 2262
2264 2265 2263
2265 2264 2266
2265 2266 2267
2266 2268 2267
2266 2269 2268
2269 2266 2264
2270 2268 2269
2269 2264 2271
2271 2270 2269
2262 2271 2264
2271 2272 2270
2262 2273 2271
2272 2271 2273
2273 2262 2260
2272 2273 2274
2273 2260 2275
2274 2273 2275
2258 2275 2260
2274 2275 2276
2258 2277 2275
2277 2276 2275
2277 2258 2254
2277 2278 2276
2277 2254 2279
2254 2257 2279
2280 2277 2279
2280 2278 2277
2281 2279 2257
2281 2280 2279
2281 2257 2252
2281 2252 2282
2251 2282 2252
2251 2283 2282
2283 2281 2282
2251 2256 2283
2284 2280 2281
2283 2284 2281
2285 2278 2280
2284 2285 2280
2256 2286 2283
2287 2283 2286
2287 2284 2283
2284 2287 2288
2284 2288 2285
2256 2289 2286
2285 2288 2290
2244 2289 2256
2285 2290 2291
2285 2291 2278
2291 2290 2292
2293 2278 2291
2291 2292 2293
2293 2294 2278
2295 2293 2292
2294 2293 2295
2295 2292 2296
2294 2295 2297
2296 2298 2295
2298 2297 2295
2298 2299 2297
2296 2300 2298
2301 2299 2298
2300 2302 2298
2301 2298 2302
2300 2303 2302
2301 2302 2304
2302 2303 2304
2305 2306 2307
2308 2307 2306
2308 2306 2309
2308 2309 2310
2308 2310 2311
2312 2311 2310
2312 2310 2313
2313 2314 2312
2313 2315 2314
2314 2315 2316
2314 2316 2317
2317 2316 2318
2317 2318 2319
2318 2320 2319
2316 2321 2318
2316 2322 2321
2316 2323 2322
2318 2324 2320
2318 2321 2325
2318 2325 2324
2326 2320 2324
2326 2327 2320
2324 2325 2328
2324 2328 2326
2329 2327 2326
2329 2330 2327
2326 2328 2331
2326 2331 2329
2332 2330 2329
2332 2333 2330
2334 2329 2331
2334 2332 2329
2335 2333 2332
2335 2336 2333
2337 2332 2334
2337 2335 2332
2338 2336 2335
2338 2339 2336
2335 2337 2340
2335 2340 2338
2339 2338 2341
2339 2341 2342
2338 2340 2343
2338 2343 2341
2344 2342 2341
2344 2345 2342
2341 2343 2346
2341 2346 2344
2347 2346 2343
2347 2343 2340
2347 2340 2348
2348 2340 2337
2344 2346 2349
2350 2345 2344
2344 2349 2350
2350 2351 2345
2350 2349 2352
2353 2351 2350
2350 2352 2353
2353 2354 2351
2355 2353 2352
2354 2353 2356
2355 2356 2353
2354 2356 2357
2358 2356 2355
2357 2356 2359
2358 2360 2356
2359 2356 2360
2360 2358 2361
2360 2361 2362
2363 2362 2361
2359 2360 2364
2364 2365 2359
2359 2365 2366
2364 2367 2365
2364 2368 2367
2364 2360 2369
2364 2369 2368
2360 2362 2369
2370 2368 2369
2370 2369 2371
2371 2369 2362
2372 2370 2371
2363 2373 2362
2371 2362 2373
2372 2371 2374
2374 2371 2373
2375 2372 2374
2376 2373 2363
2374 2373 2376
2375 2374 2376
2376 2363 2377
2375 2376 2377
2378 2379 2380
2378 2381 2379
2381 2378 2382
2381 2383 2379
2381 2382 2384
2385 2384 2382
2381 2386 2383
2384 2386 2381
2386 2387 2383
2384 2388 2386
2386 2389 2387
2386 2388 2389
2388 2384 2390
2385 2390 2384
2391 2387 2389
2391 2392 2387
2388 2390 2393
2389 2388 2393
2392 2391 2394
2392 2394 2395
2396 2395 2394
2396 2394 2397
2397 2398 2396
2391 2399 2394
2399 2397 2394
2389 2400 2391
2391 2400 2399
2393 2401 2389
2389 2401 2400
2402 2393 2390
2393 2402 2401
2397 2403 2398
2404 2398 2403
2402 2390 2405
2405 2390 2385
2404 2403 2406
2407 2404 2406
2407 2406 2408
2408 2409 2407
2408 2410 2409
2410 2411 2409
2412 2408 2406
2412 2410 2408
2403 2413 2406
2412 2406 2413
2397 2414 2403
2403 2414 2413
2412 2413 2415
2415 2413 2414
2397 2416 2414
2399 2416 2397
2417 2414 2416
2415 2414 2417
2418 2416 2399
2417 2416 2418
2418 2399 2419
2419 2399 2400
2419 2400 2420
2420 2400 2401
2323 2417 2418
2421 2417 2323
2421 2415 2417
2323 2418 2322
2322 2418 2419
2322 2419 2321
2420 2321 2419
2415 2421 2422
2420 2325 2321
2415 2422 2423
2412 2415 2423
2420 2424 2325
2328 2325 2424
2420 2401 2425
2420 2425 2424
2426 2425 2401
2426 2424 2425
2426 2401 2402
2427 2328 2424
2426 2427 2424
2427 2331 2328
2402 2428 2426
2427 2426 2428
2402 2405 2428
2422 2429 2423
2422 2430 2429
2431 2331 2427
2431 2334 2331
2427 2428 2432
2431 2427 2432
2334 2431 2433
2334 2433 2337
2348 2337 2433
2434 2431 2432
2434 2432 2428
2434 2433 2431
2405 2435 2428
2434 2428 2435
2436 2433 2434
2436 2348 2433
2435 2436 2434
2405 2437 2435
2405 2385 2437
2437 2438 2435
2435 2438 2436
2385 2439 2437
2437 2439 2438
2385 2440 2439
2441 2438 2439
2436 2438 2442
2440 2443 2439
2441 2439 2443
2440 2444 2443
2445 2441 2443
2443 2444 2446
2445 2443 2446
2444 2447 2446
2448 2445 2446
2447 2449 2446
2448 2446 2449
2447 2450 2449
2451 2448 2449
2449 2450 2452
2451 2449 2453
2449 2452 2453
2454 2451 2453
2455 2453 2452
2454 2453 2456
2455 2456 2453
2456 2457 2454
2455 2458 2456
2456 2458 2457
2455 2459 2458
2458 2460 2457
2461 2458 2459
2458 2461 2460
2461 2459 2462
2461 2463 2460
2463 2461 2462
2464 2465 2466
2464 2467 2465
2468 2467 2464
2468 2469 2467
2467 2470 2465
2471 2467 2469
2467 2471 2470
2471 2469 2472
2471 2473 2470
2473 2474 2470
2475 2471 2472
2471 2475 2473
2475 2472 2476
2475 2476 2477
2478 2474 2473
2478 2479 2474
2473 2475 2480
2475 2477 2480
2473 2480 2478
2481 2479 2478
2480 2481 2478
2481 2482 2479
2477 2483 2480
2480 2483 2481
2477 2484 2483
2485 2483 2484
2485 2481 2483
2485 2484 2486
2487 2482 2481
2485 2487 2481
2487 2488 2482
2489 2488 2487
2489 2487 2490
2485 2490 2487
2490 2491 2489
2492 2485 2486
2485 2492 2490
2492 2486 2493
2492 2493 2494
2490 2495 2491
2495 2490 2492
2495 2496 2491
2492 2494 2497
2495 2492 2497
2495 2498 2496
2497 2498 2495
2496 2498 2499
2500 2497 2494
2497 2500 2498
2498 2500 2499
2500 2494 2501
2499 2500 2501
2411 2502 2503
2411 2504 2502
2410 2504 2411
2505 2502 2504
2504 2410 2506
2412 2506 2410
2423 2506 2412
2423 2429 2506
2504 2506 2507
2505 2504 2507
2429 2507 2506
2505 2507 2508
2429 2508 2507
2430 2508 2429
2505 2508 2509
2430 2510 2508
2510 2509 2508
2510 2511 2509
2512 2513 2514
2514 2515 2512
2514 2516 2515
2516 2517 2515
2516 2518 2517
2518 2519 2517
2518 2520 2519
2520 2521 2519
2520 2522 2521
2523 2521 2522
2523 2522 2524
2524 2525 2523
2524 2526 2525
2523 2525 2527
2526 2528 2525
2526 2529 2528
2530 2527 2525
2530 2525 2528
2530 2531 2527
2532 2528 2529
2530 2528 2532
2532 2529 2533
2532 2533 2534
2535 2531 2530
2530 2532 2535
2535 2536 2531
2532 2534 2537
2535 2532 2537
2538 2537 2534
2536 2535 2539
2535 2537 2539
2536 2539 2540
2538 2541 2537
2539 2537 2541
2541 2538 2542
2540 2539 2543
2539 2541 2543
2540 2543 2544
2541 2542 2545
2545 2543 2541
2546 2545 2542
2547 2544 2543
2545 2547 2543
2547 2548 2544
2546 2549 2545
2547 2545 2549
2548 2547 2550
2547 2549 2550
2548 2550 2551
2552 2549 2546
2550 2549 2552
2552 2546 2553
2551 2550 2554
2550 2552 2554
2551 2554 2555
2556 2552 2553
2554 2552 2556
2556 2553 2557
2558 2556 2557
2559 2555 2554
2554 2556 2559
2559 2560 2555
2561 2560 2559
2558 2562 2556
2559 2556 2562
2562 2558 2563
2561 2559 2564
2559 2562 2564
2564 2565 2561
2562 2563 2566
2566 2564 2562
2566 2563 2567
2567 2565 2568
2564 2568 2565
2568 2566 2567
2566 2568 2564
2569 2570 2571
2571 2572 2569
2571 2573 2572
2574 2572 2573
2574 2573 2575
2576 2574 2575
2576 2575 2577
2576 2578 2574
2579 2576 2577
2578 2576 2579
2579 2577 2580
2578 2579 2581
2580 2582 2579
2580 2583 2582
2584 2582 2583
2581 2579 2585
2585 2579 2582
2227 2581 2585
2584 2586 2582
2587 2586 2584
2588 2227 2585
2227 2588 2239
2585 2582 2589
2588 2585 2589
2589 2582 2586
2590 2239 2588
2589 2590 2588
2590 2241 2239
2587 2591 2586
2591 2587 2592
2589 2586 2593
2589 2593 2590
2591 2593 2586
2241 2590 2594
2241 2594 2244
2244 2594 2289
2590 2593 2595
2591 2595 2593
2590 2595 2594
2591 2592 2596
2596 2595 2591
2596 2592 2597
2598 2594 2595
2598 2289 2594
2596 2598 2595
2596 2597 2599
2599 2598 2596
2599 2597 2600
2289 2598 2601
2599 2601 2598
2289 2601 2602
2599 2600 2603
2603 2601 2599
2603 2600 2604
2602 2601 2605
2603 2605 2601
2602 2605 2606
2603 2604 2607
2605 2603 2607
2608 2607 2604
2609 2606 2605
2605 2607 2609
2609 2610 2606
2608 2611 2607
2609 2607 2611
2612 2611 2608
2613 2610 2609
2609 2611 2613
2613 2614 2610
2612 2615 2611
2613 2611 2615
2615 2612 2616
2617 2614 2613
2613 2615 2617
2617 2618 2614
2615 2616 2619
2617 2615 2619
2619 2616 2620
2621 2618 2617
2617 2619 2621
2621 2622 2618
2619 2620 2623
2623 2621 2619
2624 2622 2621
2623 2624 2621
2624 2625 2622
2625 2624 2626
2623 2626 2624
2625 2626 2627
2628 2623 2620
2623 2628 2626
2629 2628 2620
2627 2626 2630
2630 2626 2628
2627 2630 2631
2631 2630 2632
2633 2628 2629
2630 2628 2633
2632 2630 2633
2633 2629 2634
2635 2633 2634
2632 2633 2635
2635 2634 2636
2637 2635 2636
2637 2632 2635
2638 2632 2637
2639 2640 2641
2641 2640 2642
2641 2642 2643
2644 2643 2642
2644 2645 2643
2643 2645 2646
2645 2644 2647
2648 2646 2645
2647 2649 2645
2648 2645 2649
2647 2650 2649
2651 2649 2650
2652 2648 2649
2651 2652 2649
2652 2653 2648
2654 2652 2651
2654 2653 2652
2654 2651 2655
2654 2656 2653
2654 2655 2657
2658 2656 2654
2654 2657 2658
2658 2659 2656
2660 2658 2657
2660 2659 2658
2661 2662 2663
2661 2664 2662
2661 2665 2664
2666 2664 2665
2666 2665 2667
2667 2668 2666
2667 2669 2668
2669 2667 2665
2669 2665 2670
2670 2665 2661
2670 2661 2671
2671 2661 2672
2673 2674 2675
2673 2676 2674
2673 2677 2676
2678 2676 2677
2678 2677 2679
2679 2680 2678
2679 2681 2680
2682 2680 2681
2682 2683 2680
2684 2683 2682
2684 2682 2685
2686 2684 2685
2686 2687 2684
2687 2686 2688
2687 2688 2689
2689 2688 2690
2691 2692 2693
2691 2694 2692
2694 2691 2695
2694 2695 2696
2696 2695 2697
2696 2697 2698
2699 2698 2697
2699 2700 2698
2700 2699 2701
2702 2703 2704
2705 2704 2703
2705 2706 2704
2707 2706 2705
2707 2708 2706
2707 2709 2708
2707 2710 2709
2709 2711 2708
2712 2709 2710
2712 2711 2709
2712 2713 2711
2712 2710 2714
2712 2715 2713
2716 2712 2714
2712 2716 2715
2716 2714 2717
2715 2716 2718
2716 2717 2719
2718 2716 2720
2716 2719 2720
2718 2720 2721
2720 2719 2722
2723 2721 2720
2720 2722 2723
2723 2724 2721
2725 2723 2722
2725 2724 2723
2725 2722 2726
2725 2727 2724
2727 2725 2728
2729 2730 2731
2729 2731 2732
2732 2731 2733
2734 2729 2732
2735 2729 2734
2735 2736 2729
2737 2736 2735
2737 2738 2736
2738 2737 2739
2738 2739 2740
2741 2740 2739
2741 2742 2740
2741 2743 2742
2734 2732 2744
2732 2745 2744
2732 2733 2746
2732 2746 2745
2747 2746 2733
2748 2747 2733
2747 2748 2749
2750 2745 2746
2747 2750 2746
2747 2751 2750
2750 2752 2745
2751 2752 2750
2751 2753 2752
2751 2754 2753
2747 2749 2755
2747 2755 2751
2756 2755 2749
2757 2755 2756
2757 2758 2755
2758 2751 2755
2759 2758 2757
2751 2760 2754
2758 2760 2751
2760 2761 2754
2760 2762 2761
2758 2762 2760
2763 2761 2762
2759 2764 2758
2758 2764 2762
2765 2764 2759
2765 2766 2764
2766 2762 2764
2765 2767 2766
2767 2763 2768
2763 2762 2768
2766 2768 2762
2767 2768 2766
2769 2770 2771
2772 2770 2769
2772 2769 2773
2773 2774 2772
2773 2775 2774
2776 2774 2775
2776 2775 2777
2777 2778 2776
2777 2779 2778
2780 2778 2779
2780 2781 2778
2782 2781 2780
2782 2783 2781
2783 2782 2784
2785 2786 2787
2785 2788 2786
2788 2789 2786
2788 2790 2789
2791 2789 2790
2791 2790 2792
2791 2792 2793
2794 2795 2796
2797 2796 2795
2797 2798 2796
2799 2798 2797
2799 2797 2800
2801 2799 2800
2801 2800 2802
2802 2800 2803
2804 2801 2802
2804 2802 2803
2804 2803 2805
2804 2806 2801
2804 2805 2807
2808 2806 2804
2804 2807 2808
2808 2809 2806
2810 2809 2808
2811 2808 2807
2810 2808 2812
2811 2812 2808
2812 2813 2810
2811 2814 2812
2812 2814 2813
2811 2815 2814
2816 2813 2814
2817 2814 2815
2816 2814 2817
2817 2815 2818
2817 2819 2816
2818 2820 2817
2817 2820 2819
2818 2821 2820
2822 2819 2820
2823 2820 2821
2822 2820 2823
2823 2821 2824
2825 2822 2823
2825 2823 2824
2825 2826 2822
2825 2824 2827
2828 2826 2825
2828 2825 2827
2829 2830 2831
2832 2831 2830
2832 2833 2831
2833 2832 2834
2832 2835 2834
2833 2834 2836
2837 2834 2835
2838 2836 2834
2837 2838 2834
2839 2838 2837
2838 2840 2836
2839 2841 2838
2840 2838 2841
2842 2841 2839
2842 2843 2841
2843 2842 2844
2840 2841 2845
2845 2841 2843
2843 2844 2846
2846 2844 2847
2845 2843 2848
2846 2848 2843
2846 2847 2849
2849 2847 2850
2846 2851 2848
2849 2851 2846
2849 2850 2852
2853 2852 2850
2849 2854 2851
2854 2849 2852
2853 2855 2852
2856 2855 2853
2854 2852 2857
2857 2852 2855
2856 2858 2855
2859 2858 2856
2857 2855 2860
2860 2855 2858
2854 2861 2851
2854 2862 2861
2857 2862 2854
2863 2851 2861
2857 2864 2862
2857 2865 2864
2860 2865 2857
2863 2848 2851
2860 2866 2865
2848 2863 2867
2866 2860 2868
2860 2858 2868
2866 2868 2869
2848 2867 2870
2870 2845 2848
2871 2870 2867
2845 2870 2872
2871 2872 2870
2845 2872 2840
2872 2871 2873
2840 2872 2874
2872 2873 2874
2840 2874 2875
2873 2876 2874
2876 2875 2874
2873 2877 2876
2876 2878 2875
2879 2876 2877
2879 2878 2876
2879 2877 2880
2879 2881 2878
2879 2880 2882
2882 2881 2879
2883 2884 2885
2886 2884 2883
2887 2884 2886
2886 2883 2888
2883 2889 2888
2887 2886 2890
2891 2887 2890
2888 2892 2886
2890 2886 2892
2888 2893 2892
2889 2893 2888
2889 2894 2893
2895 2894 2889
2890 2892 2896
2891 2890 2897
2896 2897 2890
2898 2891 2897
2896 2899 2897
2898 2897 2899
2900 2901 2902
2903 2901 2900
2904 2903 2900
2903 2905 2901
2906 2901 2905
2904 2907 2903
2907 2904 2908
2907 2908 2909
2909 2908 2910
2910 2911 2909
2907 2909 2911
2910 2912 2911
2907 2911 2913
2912 2913 2911
2903 2907 2913
2912 2914 2913
2915 2913 2914
2903 2913 2915
2915 2914 2916
2915 2916 2917
2903 2915 2918
2915 2917 2918
2903 2918 2905
2918 2917 2919
2920 2905 2918
2918 2919 2920
2920 2906 2905
2921 2920 2919
2922 2906 2920
2921 2922 2920
2922 2923 2906
2924 2922 2921
2923 2922 2925
2924 2925 2922
2926 2925 2924
2923 2925 2927
2926 2928 2925
2927 2925 2928
2928 2926 2929
2928 2929 2930
2931 2930 2929
2932 2930 2931
2930 2932 2933
2930 2933 2928
2927 2928 2933
2927 2933 2934
2935 2927 2934
2935 2936 2927
2937 2936 2935
2937 2938 2936
2939 2938 2937
2939 2937 2940
2941 2939 2940
2941 2942 2939
2943 2942 2941
2943 2944 2942
2944 2943 2945
2944 2945 2946
2946 2945 2947
2948 2949 2950
2951 2950 2949
2951 2949 2952
2951 2952 2953
2951 2953 2954
2955 2954 2953
2955 2956 2954
2957 2956 2955
2957 2958 2956
2959 2958 2957
2960 2961 2962
2962 2963 2960
2960 2963 2964
2963 2965 2964
2962 2966 2963
2967 2966 2962
2967 2968 2966
2963 2969 2965
2969 2963 2966
2970 2965 2969
2968 2971 2966
2969 2966 2971
2968 2972 2971
2972 2973 2971
2973 2969 2971
2972 2974 2973
2970 2969 2975
2973 2975 2969
2975 2859 2970
2975 2976 2859
2975 2973 2976
2859 2976 2858
2868 2858 2976
2974 2977 2973
2977 2976 2973
2868 2976 2977
2974 2978 2977
2977 2869 2868
2977 2978 2869
2979 2980 2981
2982 2981 2980
2982 2983 2981
2982 2984 2983
2984 2985 2983
2984 2986 2985
2987 2985 2986
2987 2986 2988
2987 2988 2989
2987 2989 2990
2991 2990 2989
2992 2993 2994
2992 2994 2995
2996 2992 2995
2996 2995 2997
2998 2996 2997
2998 2997 2999
3000 2998 2999
3000 2999 3001
3002 3000 3001
3003 3004 3005
3006 3005 3004
3006 3007 3005
3007 3006 3008
3007 3008 3009
3009 3008 3010
3009 3010 3011
3011 3010 3012
3011 3012 3013
3014 3013 3012
3015 3013 3014
3016 3017 3018
3019 3018 3017
3019 3017 3020
3019 3020 3021
3019 3021 3022
3022 3021 3023
3022 3023 3024
3022 3024 3025
3026 3024 3023
3025 3024 3026
3026 3023 3027
3025 3026 3028
3027 3029 3026
3028 3026 3029
3028 3029 3030
3031 3032 3033
3031 3033 3034
3034 3035 3031
3034 3036 3035
3037 3035 3036
3037 3036 3038
3039 3037 3038
3039 3038 3040
3041 3039 3040
3041 3042 3039
3043 3042 3041
3043 3044 3042
3043 3045 3044
3043 3046 3045
3045 3046 3047
3045 3047 3048
3048 3047 3049
3048 3049 3050
3050 3049 3051
3050 3051 3052
3052 3051 3053
3052 3053 3054
3055 3056 3057
3055 3057 3058
3055 3058 3059
3058 3060 3059
3058 3061 3060
3061 3058 3062
3061 3063 3060
3061 3062 3064
3061 3065 3063
3061 3064 3065
3063 3065 3066
3063 3066 3067
3068 3065 3064
3068 3066 3065
3067 3066 3069
3067 3069 3070
3071 3068 3064
3071 3064 3072
3071 3072 3073
3073 3072 3074
3071 3075 3068
3068 3075 3076
3066 3068 3077
3068 3076 3077
3066 3077 3069
3077 3076 3078
3077 3078 3079
3069 3077 3079
3079 3078 3080
3070 3069 3081
3069 3079 3081
3070 3081 3082
3079 3080 3083
3081 3079 3083
3083 3080 3084
3085 3082 3081
3081 3083 3085
3085 3086 3082
3083 3084 3087
3087 3085 3083
3087 3084 3088
3086 3085 3089
3087 3089 3085
3088 3089 3087
3086 3089 3090
3090 3089 3088
3091 3092 3093
3094 3091 3093
3094 3093 3095
3094 3095 3096
3094 3096 3097
3097 3096 3098
3097 3099 3094
3097 3098 3100
3097 3100 3099
3101 3100 3098
3101 3102 3100
3102 3101 3103
3104 3099 3100
3102 3104 3100
3104 3105 3099
3105 3106 3099
3105 3107 3106
3106 3107 3108
3102 3109 3104
3102 3103 3110
3109 3102 3110
3109 3110 3111
3110 3103 3112
3113 3111 3110
3110 3112 3114
3113 3110 3114
3114 3112 3115
3115 3113 3114
3115 3116 3113
3115 3117 3116
3118 3119 3120
3121 3118 3120
3121 3122 3118
3121 3123 3122
3121 3124 3123
3123 3125 3122
3126 3123 3124
3126 3124 3127
3128 3125 3123
3128 3123 3126
3129 3125 3128
3130 3126 3127
3130 3127 3131
3132 3130 3131
3133 3128 3126
3133 3126 3130
3133 3134 3128
3133 3135 3134
3132 3136 3130
3136 3133 3130
3137 3136 3132
3135 3133 3138
3136 3138 3133
3135 3138 3139
3137 3140 3136
3138 3136 3140
3140 3137 3141
3139 3138 3142
3138 3140 3142
3141 3142 3140
3139 3142 3143
3141 3143 3142
3144 3145 3146
3147 3144 3146
3147 3146 3148
3148 3149 3147
3148 3150 3149
3150 3151 3149
3150 3152 3151
3153 3154 3155
3155 3154 3156
3155 3156 3157
3157 3156 3158
3157 3158 3159
3158 3160 3159
3158 3161 3160
3162 3160 3161
3162 3161 3163
3164 3165 3166
3164 3167 3165
3167 3164 3168
3167 3168 3169
3169 3168 3170
3169 3170 3171
3171 3170 3172
3171 3172 3173
3174 3173 3172
3174 3175 3173
3175 3174 3176
3177 3178 3179
3178 3177 3180
3180 3177 3181
3180 3181 3182
3180 3182 3183
3184 3182 3181
3184 3181 3185
3186 3184 3185
3186 3185 3187
3188 3186 3187
3188 3189 3186
3190 3189 3188
3191 3192 3193
3193 3192 3194
3193 3194 3195
3196 3195 3194
3193 3195 3197
3193 3197 3198
3196 3199 3195
3200 3199 3196
3195 3201 3197
3195 3199 3201
3198 3197 3202
3202 3197 3201
3198 3202 3203
3198 3203 3204
3205 3204 3203
3202 3201 3206
3200 3207 3199
3207 3201 3199
3206 3201 3208
3207 3208 3201
3206 3208 3209
3210 3209 3208
3210 3208 3211
3211 3208 3207
3211 3212 3210
3200 3213 3207
3211 3207 3213
3200 3214 3213
3211 3215 3212
3213 3215 3211
3212 3215 3216
3217 3213 3214
3213 3217 3215
3216 3215 3217
3217 3214 3218
3216 3217 3218
3219 3220 3221
3222 3219 3221
3222 3223 3219
3223 3222 3224
3223 3224 3225
3226 3225 3224
3226 3224 3227
3227 3228 3226
3229 3230 3231
3232 3231 3230
3232 3230 3233
3234 3232 3233
3234 3233 3235
3234 3235 3236
3234 3236 3237
3237 3236 3238
3238 3236 3239
3240 3239 3236
3240 3236 3235
3241 3240 3235
3241 3235 3233
3241 3233 3242
3241 3242 3243
3242 3244 3243
3245 3246 3247
3248 3246 3245
3249 3248 3245
3248 3250 3246
3250 3251 3246
3252 3251 3250
3252 3253 3251
3250 3248 3254
3250 3254 3252
3248 3249 3255
3248 3255 3254
3249 3256 3255
3254 3255 3256
3249 3257 3256
3258 3253 3252
3258 3259 3253
3252 3254 3260
3252 3260 3258
3256 3257 3261
3262 3261 3257
3254 3256 3263
3256 3261 3263
3254 3263 3260
3264 3261 3262
3263 3261 3264
3264 3262 3265
3259 3258 3266
3259 3266 3267
3268 3267 3266
3258 3260 3269
3258 3269 3266
3270 3260 3263
3263 3264 3270
3269 3260 3270
3264 3271 3270
3271 3269 3270
3265 3272 3264
3264 3272 3271
3265 3273 3272
3273 3274 3272
3271 3272 3274
3273 3275 3274
3274 3275 3276
3266 3269 3277
3271 3277 3269
3274 3276 3278
3276 3279 3278
3278 3279 3280
3266 3277 3281
3268 3266 3281
3282 3277 3271
3282 3281 3277
3271 3274 3283
3278 3283 3274
3282 3271 3283
3278 3280 3284
3284 3283 3278
3283 3284 3282
3284 3280 3285
3268 3281 3286
3282 3286 3281
3268 3286 3287
3284 3288 3282
3284 3285 3288
3286 3282 3288
3286 3288 3289
3290 3289 3288
3291 3288 3285
3291 3290 3288
3292 3290 3291
3292 3291 3293
3293 3294 3292
3295 3296 3297
3295 3298 3296
3299 3298 3295
3300 3296 3298
3300 3301 3296
3302 3301 3300
3302 3303 3301
3302 3304 3303
3302 3305 3304
3299 3306 3298
3306 3300 3298
3306 3299 3307
3305 3302 3308
3305 3308 3309
3302 3310 3308
3311 3302 3300
3302 3311 3310
3311 3300 3306
3311 3312 3310
3306 3307 3313
3306 3313 3311
3311 3313 3312
3313 3307 3314
3313 3315 3312
3313 3314 3316
3313 3316 3315
3317 3316 3314
3315 3316 3318
3317 3318 3316
3315 3318 3319
3318 3317 3320
3319 3318 3321
3318 3320 3321
3321 3320 3322
3319 3321 3323
3321 3322 3324
3324 3323 3321
3324 3325 3323
3326 3327 3328
3329 3326 3328
3329 3328 3330
3329 3330 3331
3332 3329 3331
3333 3334 3335
3336 3333 3335
3337 3333 3336
3336 3335 3338
3338 3335 3339
3340 3338 3339
3340 3339 3341
3338 3342 3336
3338 3340 3342
3343 3340 3341
3343 3341 3344
3340 3345 3342
3340 3343 3345
3344 3346 3343
3344 3347 3346
3348 3346 3347
3343 3349 3345
3343 3346 3349
3336 3350 3337
3336 3342 3351
3336 3351 3350
3337 3350 3352
3351 3352 3350
3337 3352 3353
3342 3345 3354
3342 3354 3351
3351 3355 3352
3351 3354 3355
3352 3356 3353
3352 3355 3356
3357 3353 3356
3358 3357 3356
3358 3356 3355
3358 3359 3357
3345 3360 3354
3345 3349 3360
3361 3355 3354
3358 3355 3361
3360 3361 3354
3362 3358 3361
3362 3361 3360
3359 3358 3363
3362 3363 3358
3359 3363 3364
3364 3363 3365
3362 3365 3363
3364 3365 3366
3365 3367 3366
3368 3360 3349
3362 3360 3368
3365 3369 3367
3367 3369 3370
3369 3371 3370
3362 3372 3365
3369 3365 3372
3369 3373 3371
3373 3369 3372
3374 3372 3362
3372 3374 3373
3374 3362 3368
3375 3371 3373
3375 3373 3374
3375 3376 3371
3368 3349 3377
3346 3377 3349
3378 3374 3368
3375 3374 3378
3378 3368 3377
3375 3379 3376
3375 3378 3379
3380 3376 3379
3346 3381 3377
3381 3378 3377
3348 3381 3346
3381 3382 3378
3348 3382 3381
3379 3378 3382
3348 3383 3382
3379 3382 3384
3385 3379 3384
3380 3379 3385
3386 3380 3385
3386 3387 3380
3387 3386 3388
3389 3390 3391
3389 3391 3392
3393 3389 3392
3391 3394 3392
3391 3395 3394
3396 3394 3395
3396 3395 3397
3396 3397 3398
3396 3398 3399
3393 3392 3400
3394 3400 3392
3400 3401 3393
3402 3396 3399
3402 3399 3403
3404 3396 3402
3394 3396 3405
3404 3405 3396
3394 3405 3400
3405 3404 3406
3400 3407 3401
3400 3405 3407
3405 3406 3407
3407 3408 3401
3409 3407 3406
3407 3410 3408
3409 3410 3407
3411 3408 3410
3412 3410 3409
3411 3410 3412
3412 3409 3413
3412 3414 3411
3413 3415 3412
3412 3415 3414
3415 3416 3414
3413 3417 3415
3415 3418 3416
3418 3415 3417
3418 3417 3419
3420 3421 3422
3423 3421 3420
3423 3424 3421
3423 3425 3424
3426 3425 3423
3427 3428 3429
3427 3429 3430
3431 3432 3433
3431 3433 3434
3435 3436 3437
3435 3437 3438
3439 3440 3441
3439 3441 3442
3439 3442 3443
3441 3444 3442
3445 3439 3443
3445 3443 3444
3441 3445 3444
3445 3446 3439
3441 3447 3445
3448 3449 3450
3448 3450 3451
3452 3453 3454
3452 3454 3455
3456 3457 3458
3456 3458 3459
3460 3461 3462
3460 3462 3463
3464 3465 3466
3464 3466 3467
3468 3469 3470
3468 3470 3471
3472 3473 3474
3472 3474 3475
3476 3472 3475
3476 3475 3477
3478 3476 3477
3478 3477 3479
3480 3478 3479
3480 3479 3481
3482 3480 3481
3482 3481 3483
3484 3482 3483
3484 3483 3485
3486 3484 3485
3486 3485 3487
3488 3486 3487
3488 3487 3489
3490 3488 3489
3490 3489 3491
3492 3490 3491
3492 3491 3493
3494 3495 3496
3494 3496 3497
3498 3499 3500
3498 3500 3501
3502 3503 3504
3502 3504 3505
3506 3507 3508
3506 3509 3507
3506 3510 3509
3507 3509 3511
3512 3510 3506
3512 3511 3510
3507 3511 3512
3512 3506 3513
3507 3512 3514
3515 3516 3517
3515 3517 3518
3519 3520 3521
3519 3521 3522
3523 3524 3525
3523 3525 3526
3527 3528 3529
3527 3529 3530
3531 3532 3533
3531 3533 3534
3535 3536 3537
3535 3537 3538
3539 3540 3541
3539 3542 3540
3543 3542 3539
3543 3544 3542
3545 3544 3543
3545 3546 3544
3547 3546 3545
3547 3548 3546
3549 3548 3547
3549 3550 3548
3551 3550 3549
3551 3552 3550
3553 3552 3551
3553 3554 3552
3555 3554 3553
3555 3556 3554
3557 3556 3555
3557 3558 3556
3559 3558 3557
3559 3560 3558
3561 3562 3563
3562 3564 3563
3561 3565 3562
3562 3566 3564
3562 3565 3567
3567 3565 3568
3566 3562 3569
3569 3562 3567
3566 3569 3570
3569 3571 3570
3571 3569 3572
3569 3567 3572
3571 3572 3573
3567 3568 3574
3572 3567 3574
3575 3573 3572
3572 3574 3575
3576 3574 3568
3576 3568 3577
3578 3576 3577
3579 3578 3577
3579 3580 3578
3581 3578 3580
3581 3582 3578
3583 3574 3576
3578 3583 3576
3583 3575 3574
3582 3584 3578
3578 3584 3583
3582 3585 3584
3575 3586 3573
3573 3586 3587
3588 3587 3586
3589 3575 3583
3589 3586 3575
3589 3583 3584
3588 3586 3589
3585 3590 3584
3589 3584 3590
3585 3591 3590
3588 3589 3592
3590 3592 3589
3592 3590 3591
3593 3588 3592
3592 3591 3594
3593 3592 3595
3594 3595 3592
3596 3593 3595
3594 3597 3595
3596 3595 3598
3597 3598 3595
3598 3599 3596
3597 3600 3598
3599 3598 3601
3600 3602 3598
3598 3602 3601
3603 3604 3605
3603 3605 3606
3603 3607 3604
3603 3606 3608
3603 3609 3607
3603 3608 3609
3610 3611 3612
3610 3613 3611
3610 3612 3614
3610 3615 3613
3610 3614 3616
3610 3616 3615
3617 3618 3619
3617 3619 3620
3621 3619 3618
3620 3619 3622
3623 3619 3621
3622 3619 3624
3625 3619 3623
3624 3619 3626
3627 3619 3625
3626 3619 3627
3628 3629 3630
3628 3630 3631
3632 3630 3629
3631 3630 3633
3634 3630 3632
3633 3630 3635
3636 3630 3634
3635 3630 3637
3638 3630 3636
3637 3630 3638
3639 3640 3641
3640 3642 3641
3639 3643 3640
3640 3644 3642
3645 3643 3639
3645 3642 3644
3645 3646 3643
3645 3644 3646
3647 3648 3649
3647 3649 3650
3648 3647 3651
3648 3651 3652
3651 3653 3652
3651 3654 3653
3654 3655 3653
3654 3656 3655
3654 1351 3656
3654 3657 1351
1351 3657 1350
3658 3654 3651
3658 3657 3654
3659 1350 3657
3657 3658 3659
3659 3658 3660
3659 1341 1350
3658 3651 3661
3661 3651 3647
3658 3661 3660
1341 3659 3662
3659 3660 3662
1341 3662 3663
3660 3663 3662
1341 3663 1345
3664 3661 3647
3660 3661 3664
3663 3660 3665
3665 1345 3663
3664 3647 3666
3647 3650 3666
3667 3666 3650
3667 3650 3668
3669 3667 3668
3670 3667 3669
3671 3666 3667
3670 3671 3667
3671 3664 3666
3671 3670 3672
3660 3664 3673
3673 3665 3660
3674 3664 3671
3671 3672 3674
3674 3673 3664
3672 3675 3674
3675 3673 3674
3672 3676 3675
3675 3676 3677
3675 3678 3673
3673 3678 3665
3675 3677 3679
3675 3679 3678
3679 3665 3678
1347 3679 3677
3679 3680 3665
3679 1347 3680
3665 3680 1345
1347 1345 3680
1699 3681 1690
1690 3681 1702
3682 3681 1699
3683 1702 3681
3682 3683 3681
3683 3684 1702
1702 3684 3685
3685 3684 3686
3685 3686 3687
3688 3682 1699
1701 3688 1699
3689 3683 3682
3689 3684 3683
3690 3686 3684
3686 3690 3691
3692 3686 3691
3686 3693 3687
3687 3693 3694
3695 3694 3693
3695 3693 3696
3692 3697 3686
3686 3697 3693
3697 3696 3693
3697 3692 3698
3699 3689 3682
3699 3682 3688
3688 3700 3699
3699 3700 3701
3702 3689 3699
3699 3701 3702
3695 3696 3703
3703 3704 3695
3703 3705 3704
3703 3706 3705
3707 3705 3706
3703 3708 3706
3696 3709 3703
3707 3706 3710
3710 3706 3708
3711 3707 3710
3710 3708 3712
3712 3711 3710
3702 3713 3689
3689 3713 3684
3713 3714 3684
3713 3715 3714
3702 3715 3713
3715 3716 3714
3702 3717 3715
3701 3717 3702
3701 3718 3717
3719 3717 3718
3715 3720 3716
3720 3715 3717
3720 3717 3719
3720 3721 3716
3719 3722 3720
3720 3722 3721
3719 3723 3722
3721 3722 3724
3723 3724 3722
3721 3724 3725
3723 3726 3724
3725 3724 3727
3724 3726 3727
1701 3728 3688
3728 1701 3729
3728 3729 3730
1700 3729 1701
3731 3730 3729
3731 3732 3730
3733 3732 3731
3733 3734 3732
3733 3735 3734
3733 3736 3735
3729 1700 3737
3729 3737 3731
3737 3733 3731
1700 1697 3737
3733 3738 3736
3736 3738 3739
3737 1697 3740
1698 3740 1697
3737 3741 3733
3733 3741 3738
3737 3740 3741
3742 3739 3738
3742 3738 3741
3742 3741 3740
1698 3742 3740
3742 3743 3739
1698 3744 3742
3743 3742 3744
3696 3745 3709
3746 3709 3745
3746 3745 3747
3748 3746 3747
3749 3748 3747
3747 3750 3749
3747 3745 3750
3696 3750 3745
3696 3751 3750
3697 3751 3696
3751 3697 3752
3753 3751 3752
3697 3698 3752
3753 3752 3754
3754 3752 3698
3753 3754 3755
3754 3698 3756
3754 3756 3755
3757 1925 1956
1925 3757 1926
3757 1956 3758
1956 1955 3758
3758 1955 3759
3758 3759 3760
3760 3757 3758
1926 3757 3761
3760 3761 3757
1926 3761 3762
3761 3760 3763
3761 3764 3762
3761 3763 3764
3765 3766 3767
3768 3767 3766
3765 3769 3766
3765 3770 3769
3765 3771 3770
3770 3771 3772
3770 3772 3773
3770 3773 3774
3769 3770 3774
3775 3774 3773
3774 3775 3776
3769 3774 3777
3774 3776 3777
3766 3769 3777
3776 3778 3777
3766 3777 3778
3776 3779 3778
3768 3766 3780
3778 3780 3766
3779 3781 3778
3778 3781 3780
3779 3782 3781
3783 3768 3780
3781 3783 3780
3783 3784 3768
3783 3785 3784
3786 3781 3782
3781 3786 3783
3785 3783 3786
3786 3782 3787
3786 3787 3785
3788 3789 3790
3791 3790 3789
3791 3789 3792
3793 3789 3788
3793 3788 3794
3793 3794 3795
3789 3796 3792
3789 3793 3796
3796 3797 3792
3796 3798 3797
3796 3799 3798
3799 3796 3793
3800 3798 3799
3793 3795 3801
3799 3793 3801
3802 3801 3795
3800 3799 3803
3803 3799 3801
3803 3804 3800
3802 3805 3801
3803 3801 3805
3805 3802 3806
3803 3807 3804
3805 3807 3803
3808 3804 3807
3805 3806 3809
3805 3809 3807
3810 3809 3806
3808 3807 3811
3811 3807 3809
3811 3812 3808
3810 3813 3809
3811 3809 3813
3814 3813 3810
3811 3815 3812
3813 3815 3811
3816 3812 3815
3814 3817 3813
3813 3817 3815
3816 3815 3818
3817 3818 3815
3818 3819 3816
3814 3820 3817
3817 3820 3818
3814 3821 3820
3818 3822 3819
3822 3818 3820
3823 3819 3822
3824 3820 3821
3822 3820 3824
3824 3821 3825
3823 3822 3826
3824 3826 3822
3827 3823 3826
3825 3828 3824
3824 3828 3826
3825 3829 3828
3827 3826 3830
3830 3826 3828
3831 3827 3830
3832 3828 3829
3830 3828 3832
3832 3829 3833
3832 3833 3834
3831 3830 3835
3832 3835 3830
3836 3831 3835
3832 3834 3837
3832 3837 3835
3838 3837 3834
3836 3835 3839
3839 3835 3837
3840 3836 3839
3838 3841 3837
3839 3837 3841
3838 3842 3841
3840 3839 3843
3843 3839 3841
3843 3841 3842
3844 3840 3843
3843 3842 3844
3845 3846 3847
3846 3848 3847
3845 3849 3846
3850 3849 3845
3850 3851 3849
3852 3851 3850
3853 3846 3849
3851 3853 3849
3852 3854 3851
3855 3854 3852
3855 3856 3854
3857 3856 3855
3851 3854 3858
3856 3858 3854
3859 3856 3857
3856 3859 3858
3860 3859 3857
3859 3860 3861
3859 3861 3858
3862 3858 3861
3851 3858 3863
3862 3863 3858
3851 3863 3853
3863 3862 3864
3863 3864 3853
3865 3853 3864
3865 3866 3853
3853 3866 3846
3865 3867 3866
3865 3868 3867
3866 3869 3846
3866 3867 3869
3846 3869 3848
3848 3869 3870
3870 3869 3867
3848 3870 3871
3872 3871 3870
3873 3867 3868
3870 3867 3873
3873 3868 3874
3872 3870 3875
3873 3875 3870
3875 3876 3872
3877 3873 3874
3873 3877 3875
3877 3874 3878
3879 3876 3875
3879 3875 3877
3878 3879 3877
3880 3876 3879
3878 3881 3879
3880 3879 3882
3882 3879 3881
3883 3880 3882
3882 3881 3884
3885 3883 3882
3885 3882 3884
2436 2442 3886
2348 2436 3886
2442 3887 3886
2442 3888 3887
2348 3886 3889
3887 3889 3886
2348 3889 3890
3891 3890 3889
3892 3887 3888
3892 3888 3893
3892 3893 3894
3887 3895 3889
3891 3889 3895
3892 3895 3887
3896 3891 3895
3892 3896 3895
3896 3897 3891
3898 3897 3896
3892 3894 3899
3896 3892 3899
3898 3896 3900
3896 3899 3900
3901 3898 3900
3894 3902 3899
3902 3900 3899
3894 3903 3902
3904 3902 3903
3901 3900 3905
3902 3905 3900
3901 3905 3906
3904 3907 3902
3905 3902 3907
3905 3907 3906
3907 3904 3908
3908 3906 3907
3909 3910 3911
3911 3910 3912
3913 3909 3911
3913 3911 3912
3913 3914 3909
3913 3912 3915
3914 3913 3916
3916 3913 3915
3914 3916 3917
3916 3915 3918
3919 3917 3916
3920 3916 3918
3919 3916 3920
3920 3918 3921
3922 3919 3920
3923 3920 3921
3922 3920 3923
3923 3921 3924
3925 3922 3923
3923 3924 3926
3925 3923 3927
3923 3926 3927
3925 3927 3928
3927 3926 3928
3929 3930 3931
3929 3931 3932
3929 3933 3930
3933 3934 3930
3929 3932 3935
3936 3935 3932
3935 3936 3937
3938 3929 3935
3933 3929 3938
3935 3937 3939
3938 3935 3939
3940 3939 3937
3941 3939 3940
3941 3938 3939
3940 3942 3941
3933 3943 3934
3943 3944 3934
3933 3938 3945
3941 3945 3938
3943 3933 3945
3942 3946 3941
3941 3946 3945
3942 3947 3946
3943 3948 3944
3949 3944 3948
3943 3945 3950
3950 3945 3946
3943 3950 3948
3951 3946 3947
3950 3946 3951
3951 3947 3952
3953 3951 3952
3949 3948 3954
3948 3950 3954
3949 3954 3955
3956 3951 3953
3956 3950 3951
3954 3950 3956
3954 3956 3955
3953 3957 3956
3955 3956 3957
3958 3959 3960
3958 3960 3961
3958 3962 3959
3962 3963 3959
3962 3964 3963
3965 3958 3961
3962 3965 3964
3965 3961 3966
3965 3966 3964
3967 3968 3969
3970 3967 3969
3968 3971 3969
3972 3970 3969
3971 3973 3969
3974 3972 3969
3973 3975 3969
3976 3974 3969
3975 3977 3969
3977 3976 3969
3978 3979 3980
3978 3981 3979
3978 3980 3982
3982 3980 3983
3982 3983 3984
3985 3981 3978
3982 3984 3985
3985 3986 3981
3985 3984 3986
3987 3988 3989
3990 3988 3987
3989 3988 3991
3992 3988 3990
3991 3988 3993
3994 3988 3992
3993 3988 3995
3996 3988 3994
3995 3988 3997
3997 3988 3996
3998 3999 4000
3998 4000 4001
3999 4002 4000
4003 3998 4001
3999 4004 4002
4003 4001 4005
4004 4003 4005
4004 4005 4002
4006 4007 4008
4006 4008 4009
4010 4007 4006
4009 4008 4011
4010 4012 4007
4009 4011 4013
4013 4012 4010
4013 4011 4012
