byte offset: 0
first index: 0
index count: 11838
topology: trianglelist
format: DXGI_FORMAT_R16_UINT

0 1 2
3 4 5
6 7 8
9 10 8
11 12 8
13 14 15
16 17 14
18 14 19
20 14 21
22 23 24
25 26 24
27 28 29
30 31 32
33 34 35
36 37 38
39 40 41
42 40 43
44 40 45
46 47 48
49 48 50
51 52 48
53 54 48
55 56 57
58 56 59
60 61 62
63 64 65
66 67 68
68 67 69
70 69 67
71 69 70
71 70 72
71 72 73
68 69 74
68 74 75
74 69 76
76 69 71
77 75 74
76 71 78
77 79 75
78 71 80
81 71 73
80 71 81
81 73 82
83 79 77
83 77 84
83 85 79
82 86 81
86 80 81
86 87 80
82 88 86
80 87 89
87 90 89
91 84 90
91 83 84
87 91 90
92 83 91
92 91 87
92 93 83
93 85 83
92 87 94
95 94 87
95 87 96
85 93 97
85 97 98
98 97 99
98 99 100
101 102 103
102 104 103
102 105 104
106 104 105
105 107 106
105 108 107
109 108 105
110 108 109
111 112 113
112 114 113
115 113 114
116 115 114
116 117 115
116 118 117
112 119 114
112 120 119
119 121 114
121 116 114
120 122 119
121 123 116
120 124 122
123 125 116
126 118 116
125 126 116
126 127 118
128 122 124
128 129 122
128 124 130
131 127 126
131 126 125
131 125 132
131 133 127
132 125 134
132 134 135
136 135 129
136 129 128
132 135 136
137 136 128
137 132 136
137 128 138
138 128 130
137 139 132
140 132 139
140 141 132
130 142 138
130 143 142
143 144 142
143 145 144
146 147 148
148 147 149
148 149 150
151 150 149
150 151 152
150 152 153
154 150 153
155 154 153
156 157 158
156 158 159
160 156 159
161 159 158
160 159 162
162 163 160
161 164 159
164 162 159
161 165 164
161 166 165
164 167 162
165 167 164
166 168 165
166 169 168
169 170 168
169 171 170
170 171 172
170 172 173
174 170 173
168 170 174
174 173 175
165 168 176
168 174 176
177 174 175
177 176 174
177 175 178
178 179 177
178 180 179
181 179 180
165 176 182
165 182 167
177 183 176
179 183 177
182 184 167
184 162 167
185 182 176
185 176 183
184 186 162
162 186 163
187 163 186
184 187 186
187 188 163
182 189 184
185 189 182
184 190 187
190 184 189
191 188 187
190 191 187
191 192 188
193 189 185
190 189 193
194 185 183
193 185 194
195 192 191
195 196 192
194 183 197
179 197 183
198 194 197
179 198 197
199 193 194
198 199 194
190 193 200
199 200 193
201 191 190
190 200 201
202 191 201
200 202 201
191 202 195
195 203 196
204 196 203
199 205 200
200 205 202
206 195 202
195 206 203
207 203 206
206 202 208
202 205 208
208 207 206
204 203 209
207 209 203
210 204 209
207 210 209
210 211 204
207 212 210
213 212 207
213 214 212
205 199 215
215 199 198
207 208 216
213 207 216
217 214 213
217 218 214
213 216 219
213 219 217
220 218 217
220 221 218
222 217 219
222 220 217
221 220 223
221 223 224
223 225 224
226 223 220
226 220 222
223 227 225
223 226 227
228 225 227
228 227 229
230 226 222
227 226 230
231 229 227
227 230 231
231 232 229
233 232 231
233 231 230
181 232 233
230 222 234
219 234 222
233 230 235
234 235 230
181 233 236
233 235 236
236 237 181
235 237 236
181 237 179
237 198 179
237 235 238
234 238 235
237 239 198
237 238 239
215 198 239
239 238 215
219 240 234
216 240 219
241 238 234
215 238 241
241 234 240
242 215 241
241 240 242
242 205 215
216 243 240
242 240 243
216 208 243
242 244 205
208 205 244
243 244 242
208 244 243
245 246 247
245 248 246
249 248 245
250 246 248
249 251 248
251 249 252
250 248 253
253 248 251
254 250 253
254 255 250
253 251 256
254 253 256
257 255 254
257 258 255
259 258 257
259 260 258
259 261 260
259 262 261
263 262 259
263 259 257
263 264 262
265 257 254
263 257 265
266 264 263
266 263 265
266 267 264
267 266 268
267 268 269
270 269 268
265 254 271
254 256 271
266 265 272
268 266 272
271 256 273
273 256 251
274 265 271
274 272 265
273 251 275
251 252 275
276 275 252
276 273 275
276 252 277
271 273 278
274 271 278
276 279 273
278 273 279
280 276 277
279 276 280
280 277 281
282 274 278
278 279 282
283 272 274
282 283 274
284 280 281
284 281 285
283 286 272
268 272 286
287 286 283
268 286 287
288 283 282
287 283 288
289 282 279
288 282 289
290 279 280
289 279 290
291 290 280
289 290 291
280 284 291
284 285 292
292 285 293
288 289 294
289 291 294
295 291 284
284 292 295
296 295 292
295 297 291
291 297 294
297 295 296
292 293 298
296 292 298
299 298 293
296 298 299
299 293 300
296 299 301
302 296 301
302 301 303
294 304 288
304 287 288
296 305 297
302 305 296
306 302 303
306 303 307
308 305 302
308 302 306
307 309 306
307 310 309
311 308 306
311 306 309
312 309 310
312 310 313
312 313 314
309 312 315
309 315 311
312 314 316
312 316 315
316 314 317
316 317 318
319 311 315
316 319 315
320 316 318
316 320 319
320 318 321
322 320 321
322 319 320
270 322 321
319 323 311
308 311 323
322 324 319
323 319 324
270 325 322
322 325 324
325 270 326
324 325 326
270 268 326
326 268 287
327 324 326
323 324 327
326 287 328
327 326 328
304 328 287
328 304 327
308 323 329
305 308 329
323 327 330
304 330 327
323 330 329
331 330 304
330 331 329
294 331 304
305 329 332
331 332 329
305 332 297
294 333 331
332 331 333
297 332 333
297 333 294
334 335 336
334 337 335
338 337 334
338 334 339
340 341 342
340 343 341
341 343 344
343 345 344
346 345 343
346 343 347
347 348 346
347 349 348
348 349 350
348 350 351
352 353 354
352 354 355
355 354 356
357 355 356
355 357 358
355 358 359
360 359 358
360 361 359
362 361 360
362 360 363
364 365 366
364 366 367
364 367 368
364 368 369
370 369 368
370 371 369
372 371 370
372 373 371
374 375 376
374 376 377
378 379 380
378 380 381
382 383 384
382 384 385
386 387 388
386 388 389
390 391 392
390 392 393
390 393 394
390 394 395
395 394 396
395 396 397
398 397 396
398 396 399
400 401 402
402 403 400
400 403 404
403 405 404
402 406 403
403 407 405
408 406 402
409 405 407
409 406 408
409 410 405
409 408 410
411 412 413
413 414 411
414 415 411
414 416 415
413 417 414
414 418 416
417 413 419
420 416 418
420 417 419
420 421 416
420 419 421
422 423 424
422 425 423
422 426 425
422 427 426
427 428 426
427 429 428
430 428 429
430 429 431
432 433 434
432 434 435
436 437 438
436 438 439
440 441 442
440 442 443
444 445 446
444 446 447
448 449 450
448 451 449
448 452 451
448 453 452
453 454 452
453 455 454
454 455 456
454 456 457
458 459 460
461 459 458
458 462 461
461 462 463
461 464 459
461 463 465
466 459 464
467 465 463
467 466 464
467 463 468
467 468 466
469 470 471
472 470 469
472 469 473
472 473 474
472 475 470
472 474 476
475 477 470
478 476 474
478 477 475
478 474 479
478 479 477
480 481 482
480 483 481
481 483 484
481 484 485
486 485 484
485 486 487
485 487 488
489 490 491
489 491 492
493 494 495
493 495 496
497 498 499
497 499 500
501 502 503
501 504 502
505 504 501
505 501 506
507 505 506
506 508 507
506 509 508
510 511 512
510 512 513
514 515 516
514 516 517
518 519 520
518 520 521
522 523 524
522 524 525
526 527 528
526 528 529
530 531 532
530 532 533
534 535 536
537 536 535
537 538 536
535 539 537
540 539 535
539 540 541
539 541 542
536 538 543
542 541 544
536 543 545
542 544 546
547 545 543
548 545 547
549 548 547
549 547 550
547 543 551
551 550 547
552 550 551
546 544 552
552 544 553
552 551 554
552 554 546
555 556 557
555 557 558
559 560 561
559 561 562
563 564 565
563 565 566
567 568 569
570 569 568
570 571 569
570 572 571
573 574 575
576 573 575
576 575 577
578 576 577
579 580 581
579 582 580
583 582 579
584 583 579
584 579 585
584 586 583
584 585 587
587 585 588
587 588 589
584 590 586
586 590 591
591 590 592
592 593 591
592 594 593
586 591 595
586 595 596
595 597 596
595 598 597
599 600 601
599 601 602
603 599 602
603 602 604
605 606 607
605 607 608
609 610 611
609 611 612
612 613 609
612 614 613
615 616 617
615 617 618
619 620 621
619 622 620
623 620 622
623 622 624
625 626 627
625 628 626
626 628 629
626 629 630
631 630 629
630 631 632
630 632 633
634 635 636
634 636 637
638 639 640
638 640 641
642 643 644
642 644 645
646 647 648
646 649 647
650 649 646
650 646 651
652 650 651
651 653 652
651 654 653
655 656 657
655 657 658
659 660 661
659 661 662
663 664 665
663 665 666
667 668 669
667 669 670
671 672 673
671 673 674
675 676 677
675 677 678
679 680 681
679 681 682
683 684 685
683 685 686
687 688 689
687 689 690
691 692 693
691 693 694
695 696 697
695 697 698
699 700 701
699 701 702
701 703 702
701 704 703
705 703 704
704 706 705
704 707 706
708 709 710
708 710 711
712 713 714
712 714 715
716 717 718
716 718 719
720 721 722
720 722 723
724 720 723
724 725 720
726 725 724
725 726 727
725 727 728
729 730 731
729 731 732
733 734 735
733 735 736
737 738 739
737 739 740
741 742 743
741 743 744
745 746 747
745 747 748
749 750 751
749 751 752
753 754 755
756 755 754
756 754 757
755 756 758
759 755 758
760 759 758
760 758 761
754 762 757
761 763 760
754 764 762
761 765 763
766 762 764
767 766 764
768 766 767
768 769 766
766 770 762
770 766 769
771 770 769
765 771 763
771 772 763
771 773 770
771 765 773
774 775 776
774 776 777
778 779 780
778 780 781
782 783 784
782 784 785
786 787 788
789 788 787
789 787 790
789 790 791
792 793 794
795 793 792
795 796 793
797 796 795
798 799 800
798 800 801
802 798 801
798 802 803
798 803 804
803 802 805
803 806 804
806 807 804
806 808 807
803 805 809
805 810 809
810 811 809
811 810 812
811 812 813
805 814 810
805 815 814
814 815 816
814 816 817
818 819 820
818 821 819
822 821 818
822 823 821
824 825 826
824 826 827
828 829 830
828 831 829
831 828 832
831 832 833
834 835 836
834 836 837
838 839 840
838 840 841
842 841 840
842 843 841
844 845 846
844 846 847
846 848 847
846 849 848
850 848 849
849 851 850
849 852 851
853 854 855
853 855 856
857 858 859
857 859 860
861 862 863
861 863 864
865 866 867
865 867 868
869 865 868
869 870 865
871 870 869
870 871 872
870 872 873
874 875 876
874 876 877
878 879 880
878 880 881
882 883 884
882 884 885
886 887 888
886 888 889
890 891 892
890 892 893
894 895 896
894 896 897
898 899 900
898 900 901
902 903 904
902 904 905
906 907 908
906 908 909
910 911 912
910 912 913
914 915 916
914 916 917
918 919 920
921 920 919
922 920 921
923 924 925
924 926 925
927 926 924
928 929 930
928 930 931
931 930 932
931 932 933
933 932 934
933 934 935
934 936 935
934 937 936
937 938 936
937 939 938
939 940 938
939 941 940
940 941 942
940 942 943
943 942 944
943 944 945
945 944 946
945 946 947
946 948 947
946 949 948
949 950 948
949 951 950
951 952 950
951 953 952
954 955 956
954 956 957
958 954 957
958 957 959
960 961 962
963 962 961
964 963 961
965 966 967
967 966 968
969 967 968
970 971 972
970 973 971
974 971 973
974 973 975
975 976 974
975 977 976
976 977 978
976 978 979
980 979 978
980 981 979
981 980 982
981 982 983
982 984 983
982 985 984
986 984 985
986 985 987
987 988 986
987 989 988
988 989 990
988 990 991
992 991 990
992 993 991
993 992 994
993 994 995
996 997 998
996 999 997
1000 999 996
1000 1001 999
1002 1003 1004
1005 1004 1003
1005 1003 1006
1005 1006 1007
1008 1009 1010
1008 1010 1011
1012 1013 1014
1015 1014 1013
1015 1013 1016
1015 1016 1017
1018 1019 1020
1018 1020 1021
1022 1023 1024
1022 1025 1023
1026 1025 1022
1023 1025 1027
1023 1027 1028
1029 1028 1027
1029 1030 1028
1031 1030 1029
1026 1032 1025
1033 1027 1025
1033 1025 1032
1034 1032 1026
1034 1026 1035
1032 1034 1036
1032 1036 1033
1037 1034 1035
1036 1034 1037
1037 1035 1038
1039 1037 1038
1039 1038 1040
1039 1040 1041
1027 1033 1042
1027 1042 1029
1029 1042 1043
1029 1043 1044
1031 1029 1044
1045 1042 1033
1045 1033 1036
1046 1031 1044
1046 1047 1031
1036 1037 1048
1048 1037 1039
1045 1036 1049
1049 1036 1048
1049 1050 1045
1049 1051 1050
1046 1052 1047
1053 1052 1046
1054 1052 1053
1047 1052 1055
1055 1052 1054
1047 1055 1056
1049 1048 1057
1057 1051 1049
1048 1039 1058
1057 1048 1058
1055 1054 1059
1060 1059 1054
1061 1056 1055
1061 1062 1056
1063 1055 1059
1063 1061 1055
1064 1062 1061
1064 1065 1062
1061 1066 1064
1061 1063 1066
1065 1064 1067
1066 1067 1064
1065 1067 1068
1066 1069 1067
1066 1070 1069
1066 1071 1070
1063 1071 1066
1071 1072 1070
1073 1063 1059
1063 1073 1071
1074 1072 1071
1074 1071 1073
1074 1075 1072
1073 1059 1076
1076 1059 1060
1074 1073 1077
1077 1073 1076
1078 1075 1074
1078 1074 1077
1078 1079 1075
1076 1060 1080
1060 1081 1080
1080 1081 1082
1077 1076 1083
1080 1083 1076
1084 1080 1082
1080 1084 1083
1084 1082 1051
1077 1083 1085
1078 1077 1085
1086 1079 1078
1086 1087 1079
1086 1088 1087
1085 1083 1089
1089 1083 1084
1078 1085 1090
1078 1090 1086
1085 1089 1090
1084 1051 1091
1057 1091 1051
1092 1088 1086
1090 1092 1086
1089 1084 1093
1091 1093 1084
1057 1094 1091
1091 1094 1093
1095 1090 1089
1093 1095 1089
1096 1088 1092
1096 1097 1088
1090 1098 1092
1095 1098 1090
1099 1096 1092
1099 1092 1098
1096 1100 1097
1100 1096 1099
1097 1100 1101
1100 1099 1102
1103 1099 1098
1102 1099 1103
1103 1098 1095
1102 1103 1104
1105 1104 1103
1105 1103 1095
1105 1106 1104
1105 1107 1106
1105 1095 1108
1093 1108 1095
1094 1108 1093
1105 1109 1107
1108 1109 1105
1094 1110 1108
1108 1110 1109
1107 1109 1111
1111 1109 1110
1107 1111 1112
1113 1110 1094
1057 1113 1094
1057 1058 1113
1113 1114 1110
1111 1110 1114
1113 1058 1115
1113 1115 1114
1111 1114 1115
1039 1115 1058
1112 1111 1116
1111 1115 1116
1112 1116 1117
1039 1118 1115
1116 1115 1118
1039 1041 1118
1118 1041 1119
1117 1116 1120
1116 1118 1120
1118 1119 1120
1117 1120 1121
1120 1119 1122
1120 1122 1121
1123 1124 1125
1123 1126 1124
1126 1127 1124
1123 1128 1126
1123 1129 1128
1130 1128 1129
1130 1129 1131
1130 1131 1132
1126 1133 1127
1134 1126 1128
1134 1133 1126
1135 1127 1133
1135 1136 1127
1133 1137 1135
1133 1134 1137
1138 1136 1135
1137 1138 1135
1138 1139 1136
1139 1138 1140
1139 1140 1141
1140 1142 1141
1143 1134 1128
1143 1128 1130
1130 1144 1143
1130 1145 1144
1130 1132 1145
1143 1146 1134
1137 1134 1146
1132 1147 1145
1148 1147 1132
1137 1149 1138
1149 1140 1138
1137 1146 1150
1150 1149 1137
1151 1150 1146
1151 1152 1150
1148 1153 1147
1153 1154 1147
1153 1155 1154
1148 1156 1153
1156 1155 1153
1148 1157 1156
1150 1158 1149
1152 1158 1150
1149 1159 1140
1158 1159 1149
1156 1160 1155
1161 1155 1160
1162 1156 1157
1162 1157 1163
1164 1160 1156
1164 1156 1162
1165 1162 1163
1165 1163 1166
1162 1165 1167
1162 1167 1164
1166 1168 1165
1167 1165 1168
1166 1169 1168
1167 1168 1170
1167 1170 1171
1167 1171 1172
1164 1167 1172
1172 1171 1173
1174 1160 1164
1164 1172 1174
1175 1172 1173
1175 1174 1172
1175 1173 1176
1177 1175 1176
1177 1176 1178
1179 1177 1178
1174 1180 1160
1180 1161 1160
1175 1181 1174
1177 1181 1175
1181 1180 1174
1180 1182 1161
1183 1161 1182
1183 1182 1184
1181 1185 1180
1182 1180 1185
1186 1184 1182
1182 1185 1186
1186 1152 1184
1185 1181 1187
1177 1187 1181
1179 1188 1177
1189 1188 1179
1185 1187 1190
1190 1186 1185
1191 1187 1177
1191 1177 1188
1190 1187 1191
1186 1192 1152
1152 1192 1158
1192 1186 1193
1190 1193 1186
1158 1192 1194
1192 1193 1194
1190 1195 1193
1194 1193 1195
1191 1196 1190
1190 1196 1195
1188 1197 1191
1197 1196 1191
1158 1194 1198
1158 1198 1159
1194 1195 1199
1198 1194 1199
1200 1159 1198
1140 1159 1200
1188 1201 1197
1189 1201 1188
1202 1201 1189
1202 1189 1203
1204 1197 1201
1204 1201 1202
1202 1203 1205
1205 1204 1202
1205 1203 1206
1205 1207 1204
1197 1204 1208
1208 1204 1207
1197 1208 1196
1208 1207 1209
1196 1208 1210
1210 1208 1209
1210 1209 1211
1196 1210 1195
1210 1211 1212
1213 1195 1210
1210 1212 1213
1213 1199 1195
1212 1214 1213
1214 1199 1213
1212 1215 1214
1214 1216 1199
1198 1199 1216
1200 1198 1216
1214 1200 1216
1215 1217 1214
1214 1217 1200
1215 1218 1217
1217 1219 1200
1140 1200 1219
1140 1219 1142
1219 1220 1142
1218 1221 1217
1217 1221 1219
1219 1221 1220
1218 1222 1221
1221 1223 1220
1221 1222 1223
1224 1225 1226
1224 1226 1227
1228 1224 1227
1228 1227 1229
1230 1228 1229
1230 1229 1231
1230 1231 1232
1230 1232 1233
1233 1232 1234
1233 1234 1235
1235 1234 1236
1235 1236 1237
1238 1237 1236
1238 1239 1237
1239 1238 1240
1239 1240 1241
1242 1241 1240
1242 1240 1243
1244 1242 1243
1244 1243 1245
1246 1247 1248
1246 1248 1249
1249 1248 1250
1249 1250 1251
1251 1250 1252
1251 1252 1253
1253 1252 1254
1253 1254 1255
1254 1256 1255
1254 1257 1256
1257 1258 1256
1257 1259 1258
1259 1260 1258
1259 1261 1260
1261 1262 1260
1261 1263 1262
1262 1263 1264
1262 1264 1265
1266 1265 1264
1266 1267 1265
1268 1269 1270
1268 1271 1269
1269 1271 1272
1273 1271 1268
1271 1274 1272
1275 1272 1274
1275 1274 1276
1277 1276 1274
1277 1278 1276
1278 1277 1279
1271 1280 1274
1280 1277 1274
1273 1281 1271
1271 1281 1280
1282 1281 1273
1273 1283 1282
1281 1284 1280
1281 1282 1284
1277 1285 1279
1279 1285 1286
1277 1280 1287
1280 1284 1287
1277 1287 1288
1284 1288 1287
1289 1284 1282
1284 1289 1288
1290 1285 1277
1277 1288 1290
1291 1286 1285
1291 1292 1286
1293 1285 1290
1293 1291 1285
1288 1293 1290
1291 1293 1294
1293 1295 1294
1293 1288 1296
1289 1296 1288
1293 1296 1295
1289 1297 1296
1296 1297 1295
1289 1282 1298
1298 1297 1289
1295 1297 1299
1295 1299 1300
1299 1297 1301
1298 1301 1297
1282 1302 1298
1282 1283 1302
1299 1303 1300
1303 1299 1301
1304 1301 1298
1298 1302 1304
1305 1302 1283
1306 1305 1283
1300 1303 1307
1300 1307 1308
1303 1301 1309
1304 1309 1301
1310 1307 1303
1303 1309 1310
1310 1311 1307
1311 1310 1312
1302 1313 1304
1305 1313 1302
1314 1310 1309
1312 1310 1314
1304 1315 1309
1304 1313 1315
1314 1309 1315
1316 1312 1314
1316 1317 1312
1318 1316 1314
1314 1315 1318
1319 1316 1318
1318 1315 1320
1313 1320 1315
1319 1318 1320
1313 1321 1320
1321 1313 1305
1322 1319 1320
1321 1322 1320
1323 1319 1322
1323 1324 1319
1325 1324 1323
1321 1326 1322
1323 1322 1326
1321 1305 1327
1326 1321 1327
1328 1327 1305
1328 1305 1306
1329 1328 1306
1329 1306 1330
1328 1331 1327
1329 1331 1328
1332 1329 1330
1332 1330 1333
1329 1332 1334
1331 1329 1334
1326 1327 1335
1327 1331 1335
1336 1326 1335
1336 1335 1331
1331 1334 1337
1331 1337 1336
1337 1334 1338
1337 1338 1339
1336 1337 1339
1336 1339 1340
1340 1341 1336
1336 1342 1326
1326 1342 1323
1336 1341 1343
1342 1336 1343
1323 1342 1343
1341 1344 1343
1323 1343 1325
1325 1343 1344
1325 1344 1345
1346 1347 1348
1346 1349 1347
1350 1347 1349
1349 1346 1351
1346 1352 1351
1353 1350 1349
1351 1353 1349
1353 1354 1350
1355 1354 1353
1355 1353 1356
1357 1355 1356
1352 1358 1351
1352 1359 1358
1360 1353 1351
1360 1356 1353
1351 1361 1360
1351 1358 1361
1361 1356 1360
1359 1362 1358
1362 1361 1358
1359 1363 1362
1357 1356 1364
1357 1364 1365
1366 1356 1361
1366 1361 1362
1363 1367 1362
1368 1367 1363
1368 1369 1367
1370 1367 1369
1371 1364 1356
1366 1371 1356
1372 1365 1364
1371 1372 1364
1373 1362 1367
1366 1362 1373
1370 1374 1367
1373 1367 1374
1375 1365 1372
1365 1375 1376
1372 1377 1375
1371 1378 1372
1377 1372 1378
1378 1371 1366
1377 1378 1379
1378 1366 1380
1373 1380 1366
1380 1379 1378
1381 1380 1373
1373 1374 1381
1382 1374 1370
1382 1370 1383
1383 1384 1382
1382 1384 1385
1386 1374 1382
1386 1381 1374
1382 1385 1387
1386 1382 1387
1388 1387 1385
1389 1380 1381
1380 1389 1379
1389 1381 1390
1381 1386 1390
1390 1379 1389
1386 1391 1390
1391 1386 1387
1390 1392 1379
1392 1390 1391
1393 1379 1392
1388 1394 1387
1395 1394 1388
1393 1392 1396
1396 1397 1393
1387 1394 1398
1391 1387 1398
1395 1399 1394
1399 1398 1394
1400 1399 1395
1392 1391 1401
1401 1396 1392
1402 1397 1396
1403 1397 1402
1402 1396 1404
1401 1404 1396
1405 1402 1404
1406 1405 1404
1391 1407 1401
1401 1407 1404
1391 1398 1407
1406 1404 1407
1398 1408 1407
1399 1408 1398
1406 1407 1409
1408 1409 1407
1408 1399 1409
1406 1409 1410
1409 1411 1410
1399 1412 1409
1409 1412 1411
1412 1399 1400
1411 1412 1413
1400 1413 1412
1400 1414 1413
1415 1416 1417
1415 1417 1418
1419 1418 1417
1420 1418 1419
1421 1420 1419
1419 1422 1421
1419 1417 1423
1423 1422 1419
1423 1417 1424
1423 1424 1425
1425 1426 1423
1423 1426 1422
1427 1422 1426
1427 1428 1422
1429 1430 1431
1429 1431 1432
1433 1429 1432
1434 1433 1432
1435 1433 1434
1433 1435 1436
1433 1437 1429
1436 1437 1433
1437 1438 1429
1437 1439 1438
1439 1437 1440
1436 1440 1437
1436 1441 1440
1436 1442 1441
1443 1444 1445
1443 1445 1446
1447 1443 1446
1448 1446 1445
1446 1448 1447
1448 1445 1449
1449 1445 1450
1451 1449 1450
1449 1452 1448
1452 1449 1451
1447 1448 1453
1452 1453 1448
1447 1453 1454
1447 1454 1455
1452 1456 1453
1452 1451 1457
1451 1458 1457
1457 1458 1459
1457 1459 1460
1460 1452 1457
1460 1456 1452
1460 1461 1456
1460 1462 1461
1463 1464 1465
1466 1464 1463
1466 1463 1467
1466 1467 1468
1469 1464 1466
1470 1464 1469
1471 1470 1469
1471 1472 1470
1473 1469 1466
1471 1469 1473
1466 1474 1473
1466 1468 1474
1475 1474 1468
1475 1468 1476
1475 1476 1477
1477 1476 1478
1479 1471 1473
1480 1472 1471
1480 1471 1479
1481 1480 1479
1472 1480 1482
1483 1480 1481
1483 1482 1480
1483 1484 1482
1485 1486 1487
1485 1487 1488
1488 1487 1489
1489 1490 1488
1491 1490 1489
1491 1489 1492
1493 1494 1495
1494 1493 1496
1497 1496 1493
1496 1497 1498
1498 1497 1499
1498 1499 1500
1498 1500 1501
1501 1500 1502
1503 1504 1505
1503 1506 1504
1507 1506 1503
1504 1506 1508
1506 1507 1508
1504 1508 1509
1509 1510 1504
1511 1510 1509
1509 1508 1512
1511 1509 1512
1507 1513 1508
1512 1508 1513
1507 1514 1513
1507 1515 1514
1512 1513 1516
1511 1512 1517
1511 1517 1518
1517 1519 1518
1517 1520 1519
1520 1517 1512
1520 1512 1516
1520 1516 1521
1520 1521 1522
1523 1524 1525
1526 1523 1525
1526 1527 1523
1526 1528 1527
1529 1526 1525
1530 1529 1525
1531 1529 1530
1531 1530 1532
1533 1526 1529
1531 1533 1529
1526 1533 1534
1526 1534 1528
1528 1534 1535
1528 1535 1536
1535 1537 1536
1537 1538 1536
1539 1533 1531
1540 1531 1532
1540 1539 1531
1541 1539 1540
1532 1542 1540
1543 1541 1540
1543 1540 1542
1543 1542 1544
1545 1546 1547
1545 1547 1548
1548 1549 1545
1549 1548 1550
1551 1549 1550
1551 1552 1549
1553 1554 1555
1555 1556 1553
1557 1553 1556
1556 1558 1557
1558 1559 1557
1558 1560 1559
1558 1561 1560
1561 1562 1560
1563 1564 1565
1563 1565 1566
1567 1566 1565
1566 1567 1568
1563 1566 1568
1563 1568 1569
1570 1571 1572
1570 1573 1571
1574 1573 1570
1575 1571 1573
1574 1576 1573
1575 1573 1576
1577 1578 1579
1577 1579 1580
1580 1581 1577
1580 1582 1581
1583 1581 1582
1584 1585 1586
1585 1587 1586
1586 1587 1588
1588 1587 1589
1590 1591 1592
1591 1593 1592
1591 1594 1593
1595 1594 1591
1595 1596 1594
1594 1596 1593
1595 1597 1596
1598 1596 1597
1599 1596 1598
1593 1596 1599
1600 1599 1598
1600 1601 1599
1599 1601 1602
1602 1593 1599
1602 1601 1603
1592 1593 1604
1602 1604 1593
1592 1604 1605
1606 1602 1603
1606 1603 1607
1608 1604 1602
1606 1608 1602
1607 1609 1606
1610 1609 1607
1606 1609 1611
1606 1611 1608
1608 1611 1612
1608 1613 1604
1613 1605 1604
1613 1608 1612
1613 1614 1605
1614 1615 1605
1613 1612 1616
1613 1616 1614
1616 1612 1617
1618 1616 1617
1614 1616 1618
1615 1614 1618
1618 1619 1615
1620 1621 1622
1620 1623 1621
1620 1624 1623
1620 1625 1624
1626 1624 1625
1624 1626 1627
1626 1628 1627
1628 1629 1627
1630 1631 1632
1630 1633 1631
1634 1631 1633
1634 1633 1635
1636 1634 1635
1636 1637 1634
1638 1637 1636
1638 1639 1637
1640 1639 1638
1640 1638 1641
1642 1640 1641
1642 1641 1643
1642 1643 1644
1642 1644 1645
1646 1647 1648
1648 1647 1649
1648 1649 1650
1651 1649 1647
1652 1653 1654
1655 1653 1652
1655 1656 1653
1656 1657 1653
1658 1657 1656
1658 1656 1659
1660 1658 1659
1660 1659 1661
1662 1661 1659
1661 1663 1660
1661 1662 1664
1663 1661 1665
1665 1661 1664
1666 1663 1665
1664 1666 1665
1664 1667 1666
1663 1666 1668
1666 1667 1669
1666 1669 1668
1670 1668 1669
1671 1672 1673
1674 1671 1673
1673 1675 1674
1674 1676 1671
1675 1677 1674
1676 1674 1677
1676 1677 1678
1679 1678 1677
1680 1681 1682
1680 1682 1683
1683 1682 1684
1683 1684 1685
1686 1685 1684
1687 1688 1689
1689 1688 1690
1688 1691 1690
1691 1692 1690
1693 1694 1695
1695 1694 1696
1695 1696 1697
1698 1695 1697
1698 1697 1699
1697 1696 1699
1698 1699 1700
1701 1700 1699
1702 1701 1699
1696 1702 1699
1703 1701 1702
1703 1702 1704
1702 1705 1704
1705 1702 1696
1705 1706 1704
1694 1707 1696
1705 1696 1707
1694 1708 1707
1705 1709 1706
1709 1710 1706
1711 1705 1707
1705 1711 1709
1710 1709 1712
1713 1710 1712
1709 1714 1712
1709 1711 1714
1711 1715 1714
1711 1707 1716
1716 1707 1708
1716 1715 1711
1716 1708 1717
1717 1708 1718
1716 1719 1715
1716 1717 1719
1719 1720 1715
1721 1720 1719
1717 1721 1719
1718 1721 1717
1721 1718 1722
1723 1724 1725
1723 1725 1726
1723 1726 1727
1723 1727 1728
1729 1728 1727
1727 1730 1729
1729 1730 1731
1731 1730 1732
1733 1734 1735
1733 1735 1736
1736 1735 1737
1736 1737 1738
1739 1738 1737
1739 1737 1740
1740 1741 1739
1740 1742 1741
1741 1742 1743
1741 1743 1744
1744 1743 1745
1744 1745 1746
1745 1747 1746
1745 1748 1747
1749 1750 1751
1752 1751 1750
1752 1750 1753
1754 1751 1752
1755 1756 1757
1758 1755 1757
1758 1757 1759
1759 1757 1760
1761 1759 1760
1761 1762 1759
1763 1762 1761
1763 1764 1762
1765 1762 1764
1764 1763 1766
1764 1767 1765
1766 1768 1764
1768 1767 1764
1769 1768 1766
1767 1768 1769
1767 1769 1770
1766 1771 1769
1769 1772 1770
1769 1771 1772
1773 1772 1771
1774 1775 1776
1776 1775 1777
1778 1779 1780
1778 1780 1781
1782 1783 1784
1783 1782 1785
1782 1786 1785
1787 1785 1786
1787 1786 1788
1788 1789 1787
1788 1790 1789
1790 1791 1789
1791 1792 1789
1791 1793 1792
1794 1795 1796
1794 1796 1797
1798 1799 1800
1798 1801 1799
1801 1802 1799
1801 1803 1802
1802 1803 1804
1804 1803 1805
1804 1805 1806
1805 1803 1807
1805 1807 1808
1808 1807 1809
1810 1808 1809
1810 1811 1808
1810 1812 1811
1813 1814 1815
1813 1815 1816
1817 1818 1819
1817 1820 1818
1820 1821 1818
1820 1817 1822
1823 1821 1820
1823 1824 1821
1824 1823 1825
1824 1825 1826
1820 1822 1827
1827 1822 1828
1822 1829 1828
1822 1830 1829
1829 1830 1831
1832 1833 1834
1834 1833 1835
1834 1835 1836
1836 1837 1834
1836 1838 1837
1836 1839 1838
1840 1839 1836
1836 1835 1840
1835 1833 1841
1841 1833 1842
1835 1841 1843
1840 1835 1843
1841 1844 1843
1843 1844 1845
1843 1845 1846
1846 1840 1843
1839 1840 1847
1840 1846 1847
1839 1847 1848
1849 1847 1846
1848 1847 1850
1849 1850 1847
1848 1850 1851
1849 1852 1850
1853 1848 1851
1853 1851 1854
1853 1854 1855
1853 1855 1856
1856 1855 1857
1856 1857 1858
1859 1858 1857
1859 1860 1858
1861 1860 1859
1861 1862 1860
1852 1849 1863
1852 1863 1864
1862 1861 1865
1864 1863 1865
1862 1865 1866
1865 1863 1866
1867 1868 1869
1870 1869 1868
1870 1868 1871
1871 1872 1870
1871 1873 1872
1874 1872 1873
1874 1875 1872
1876 1875 1874
1876 1877 1875
1877 1876 1878
1877 1878 1879
1880 1879 1878
1880 1881 1879
1881 1880 1882
1883 1884 1885
1884 1883 1886
1884 1886 1887
1888 1887 1886
1888 1886 1889
1890 1888 1889
1890 1891 1888
1892 1891 1890
1892 1890 1893
1894 1892 1893
1894 1895 1892
1896 1895 1894
1896 1897 1895
1896 1898 1897
1899 1900 1901
1899 1901 1902
1902 1901 1903
1904 1905 1906
1904 1906 1907
1908 1904 1907
1908 1907 1909
1910 1911 1912
1910 1912 1913
1913 1912 1914
1913 1914 1915
1916 1915 1914
1916 1914 1917
1916 1917 1918
1916 1918 1919
1920 1921 1922
1920 1922 1923
1920 1923 1924
1920 1924 1925
1925 1924 1926
1925 1926 1927
1928 1929 1930
1929 1928 1931
1932 1931 1928
1933 1934 1935
1934 1933 1936
1936 1937 1934
1938 1939 1940
1941 1938 1940
1941 1942 1938
1943 1942 1941
1943 1944 1942
1944 1943 1945
1946 1944 1945
1947 1948 1949
1947 1950 1948
1947 1951 1950
1952 1950 1951
1952 1953 1950
1952 1954 1953
1954 1952 1955
1956 1957 1958
1956 1959 1957
1960 1959 1956
1960 1961 1959
1962 1961 1960
1962 1963 1961
1964 1961 1963
1965 1957 1959
1965 1959 1961
1964 1966 1961
1965 1961 1966
1967 1965 1966
1966 1964 1968
1966 1968 1967
1969 1967 1968
1965 1970 1957
1957 1970 1971
1970 1972 1971
1970 1965 1973
1967 1973 1965
1967 1974 1973
1970 1975 1972
1970 1973 1975
1975 1973 1974
1975 1976 1972
1977 1976 1975
1975 1974 1977
1977 1978 1976
1977 1979 1978
1977 1980 1979
1977 1981 1980
1981 1977 1974
1982 1980 1981
1982 1981 1983
1982 1983 1984
1981 1974 1985
1983 1981 1985
1985 1974 1986
1986 1987 1985
1983 1985 1987
1988 1984 1983
1988 1983 1987
1989 1984 1988
1989 1988 1990
1990 1988 1991
1991 1988 1987
1990 1991 1992
1991 1987 1993
1986 1993 1987
1992 1991 1994
1994 1991 1993
1992 1994 1995
1994 1993 1996
1996 1993 1986
1996 1986 1997
1997 1986 1998
1998 1986 1999
1998 1999 1969
1969 1999 1967
1999 1986 2000
1967 1999 2000
1986 1974 2000
2000 1974 1967
2001 2002 2003
2001 2004 2002
2005 2004 2001
2005 2001 2006
2007 2005 2006
2007 2006 2008
2009 2007 2008
2009 2010 2007
2010 2009 2011
2010 2011 2012
2012 2011 2013
2012 2013 2014
2014 2013 2015
2014 2015 2016
2017 2016 2015
2017 2015 2018
2019 2017 2018
2019 2018 2020
2021 2019 2020
2021 2020 2022
2023 2024 2025
2026 2025 2024
2026 2027 2025
2028 2027 2026
2028 2029 2027
2030 2029 2028
2030 2031 2029
2031 2030 2032
2033 2034 2035
2035 2034 2036
2036 2034 2037
2038 2035 2036
2038 2039 2035
2040 2041 2042
2040 2043 2041
2043 2040 2044
2043 2044 2045
2044 2040 2046
2047 2048 2049
2049 2050 2047
2047 2050 2051
2052 2051 2050
2052 2053 2051
2054 2053 2052
2054 2055 2053
2055 2054 2056
2056 2054 2057
2056 2057 2058
2059 2060 2061
2059 2061 2062
2063 2064 2065
2063 2065 2066
2066 2065 2067
2066 2067 2068
2067 2069 2068
2069 2070 2068
2069 2071 2070
2070 2072 2068
2070 2073 2072
2073 2074 2072
2075 2074 2073
2075 2073 2076
2075 2076 2077
2078 2079 2080
2078 2080 2081
2082 2083 2084
2082 2085 2083
2085 2082 2086
2087 2083 2085
2088 2085 2086
2088 2086 2089
2089 2090 2088
2089 2091 2090
2087 2085 2092
2092 2093 2087
2087 2093 2094
2087 2094 2095
2094 2096 2095
2097 2098 2099
2098 2100 2099
2098 2101 2100
2101 2098 2102
2101 2102 2103
2101 2103 2104
2105 2101 2104
2101 2105 2100
2100 2106 2099
2106 2107 2099
2100 2108 2106
2105 2108 2100
2106 2108 2109
2108 2110 2109
2108 2111 2110
2111 2108 2105
2104 2112 2105
2105 2112 2111
2104 2113 2112
2114 2111 2112
2113 2115 2112
2114 2112 2115
2113 2116 2115
2114 2115 2117
2118 2116 2113
2118 2119 2116
2118 2120 2119
2118 2121 2120
2121 2122 2120
2121 2123 2122
2124 2122 2123
2124 2123 2125
2126 2124 2125
2126 2125 2127
2117 2128 2114
2117 2129 2128
2127 2130 2126
2129 2130 2128
2127 2131 2130
2130 2131 2128
2132 2133 2134
2135 2134 2133
2135 2136 2134
2136 2135 2137
2136 2137 2138
2139 2138 2137
2139 2137 2140
2141 2139 2140
2141 2140 2142
2142 2143 2141
2142 2144 2143
2145 2143 2144
2145 2144 2146
2146 2147 2145
2148 2149 2150
2150 2151 2148
2150 2152 2151
2153 2151 2152
2153 2154 2151
2155 2154 2153
2155 2153 2156
2155 2156 2157
2155 2157 2158
2159 2158 2157
2159 2157 2160
2161 2159 2160
2161 2160 2162
2161 2162 2163
2164 2165 2166
2164 2166 2167
2167 2168 2164
2169 2170 2171
2169 2172 2170
2173 2172 2169
2173 2174 2172
2175 2176 2177
2175 2178 2176
2178 2179 2176
2178 2180 2179
2179 2180 2181
2179 2181 2182
2183 2182 2181
2183 2181 2184
2185 2186 2187
2185 2188 2186
2185 2189 2188
2185 2190 2189
2190 2191 2189
2190 2192 2191
2193 2194 2195
2195 2196 2193
2197 2193 2196
2198 2199 2200
2200 2201 2198
2201 2200 2202
2203 2204 2205
2203 2206 2204
2203 2207 2206
2208 2206 2207
2208 2207 2209
2209 2210 2208
2211 2210 2209
2212 2213 2214
2215 2212 2214
2215 2216 2212
2217 2216 2215
2217 2215 2218
2217 2218 2219
2219 2220 2217
2221 2222 2223
2221 2224 2222
2224 2225 2222
2224 2226 2225
2226 2227 2225
2226 2228 2227
2229 2228 2226
2230 2224 2221
2226 2224 2230
2229 2226 2231
2226 2230 2231
2230 2232 2231
2231 2233 2229
2231 2232 2233
2232 2234 2233
2230 2221 2235
2221 2236 2235
2235 2236 2237
2235 2238 2230
2230 2238 2232
2232 2238 2239
2235 2237 2240
2235 2240 2238
2240 2239 2238
2240 2237 2241
2242 2240 2241
2240 2242 2239
2242 2241 2243
2242 2243 2244
2245 2242 2244
2245 2246 2242
2246 2239 2242
2246 2245 2247
2246 2247 2248
2247 2249 2248
2246 2250 2239
2248 2250 2246
2250 2251 2239
2252 2251 2250
2248 2252 2250
2253 2248 2249
2253 2252 2248
2254 2253 2249
2254 2255 2253
2255 2256 2253
2252 2253 2256
2255 2257 2256
2252 2256 2258
2252 2258 2251
2259 2256 2257
2259 2258 2256
2259 2257 2260
2259 2261 2258
2251 2258 2261
2251 2261 2262
2262 2263 2251
2263 2264 2251
2263 2234 2264
2232 2264 2234
2264 2265 2251
2232 2265 2264
2251 2265 2239
2265 2232 2239
2266 2267 2268
2266 2269 2267
2270 2267 2269
2270 2271 2267
2272 2271 2270
2272 2273 2271
2274 2273 2272
2274 2272 2275
2275 2276 2274
2275 2277 2276
2277 2278 2276
2277 2279 2278
2279 2280 2278
2279 2281 2280
2282 2280 2281
2282 2283 2280
2284 2283 2282
2284 2285 2283
2286 2285 2284
2286 2287 2285
2288 2289 2290
2291 2290 2289
2291 2289 2292
2293 2291 2292
2293 2292 2294
2295 2293 2294
2295 2294 2296
2296 2297 2295
2298 2299 2300
2299 2301 2300
2301 2302 2300
2303 2301 2299
2303 2299 2304
2305 2306 2307
2305 2308 2306
2308 2309 2306
2308 2310 2309
2309 2311 2306
2312 2313 2314
2312 2315 2313
2316 2315 2312
2316 2312 2317
2313 2315 2318
2318 2315 2316
2313 2318 2319
2320 2319 2318
2321 2319 2320
2320 2322 2321
2320 2323 2322
2324 2322 2323
2324 2323 2325
2323 2326 2325
2317 2327 2316
2317 2328 2327
2329 2316 2327
2318 2316 2329
2329 2327 2330
2331 2329 2330
2332 2318 2329
2320 2318 2332
2331 2333 2329
2333 2332 2329
2334 2333 2331
2334 2335 2333
2336 2335 2334
2333 2337 2332
2335 2337 2333
2338 2320 2332
2332 2337 2339
2332 2339 2338
2340 2339 2337
2335 2341 2337
2340 2337 2341
2336 2342 2335
2342 2341 2335
2343 2342 2336
2343 2336 2344
2343 2345 2342
2342 2345 2341
2343 2346 2345
2345 2346 2347
2345 2348 2341
2341 2348 2340
2340 2348 2349
2348 2345 2350
2350 2349 2348
2345 2351 2350
2350 2352 2349
2349 2352 2353
2353 2354 2349
2349 2354 2355
2349 2355 2356
2340 2349 2356
2356 2355 2357
2357 2340 2356
2357 2355 2358
2357 2358 2359
2357 2360 2340
2360 2339 2340
2360 2361 2339
2361 2338 2339
2362 2360 2357
2362 2357 2363
2363 2357 2364
2363 2365 2362
2362 2365 2366
2362 2366 2367
2362 2367 2368
2360 2362 2368
2368 2367 2369
2360 2368 2370
2368 2369 2370
2360 2370 2361
2371 2370 2369
2371 2361 2370
2371 2369 2372
2361 2373 2338
2371 2373 2361
2372 2374 2371
2373 2371 2374
2372 2375 2374
2375 2326 2374
2323 2374 2326
2373 2376 2338
2338 2376 2320
2323 2320 2376
2373 2374 2377
2323 2377 2374
2376 2377 2323
2373 2377 2376
2378 2379 2380
2378 2381 2379
2381 2378 2382
2383 2379 2381
2381 2384 2383
2381 2382 2385
2386 2383 2384
2385 2387 2381
2381 2387 2384
2385 2388 2387
2387 2388 2389
2387 2389 2390
2384 2387 2390
2391 2390 2389
2391 2389 2392
2391 2392 2393
2391 2393 2394
2395 2391 2394
2396 2391 2395
2397 2391 2396
2397 2390 2391
2390 2397 2398
2384 2390 2398
2398 2397 2399
2384 2398 2399
2399 2400 2384
2386 2384 2400
2401 2386 2400
2401 2400 2402
2402 2400 2399
2402 2399 2403
2404 2405 2406
2404 2406 2407
2407 2408 2404
2407 2409 2408
2410 2411 2412
2411 2410 2413
2413 2410 2414
2415 2413 2414
2415 2414 2416
2417 2415 2416
2418 2415 2417
2419 2415 2418
2420 2418 2417
2421 2420 2417
2421 2417 2422
2421 2422 2423
2421 2424 2420
2421 2423 2425
2424 2421 2426
2425 2426 2421
2427 2426 2425
2427 2425 2428
2427 2428 2429
2429 2430 2427
2427 2430 2431
2424 2426 2432
2432 2426 2427
2424 2432 2433
2432 2434 2433
2427 2435 2432
2432 2435 2434
2427 2431 2435
2436 2435 2431
2436 2431 2437
2436 2437 2438
2439 2436 2438
2440 2434 2435
2439 2441 2436
2436 2441 2442
2442 2441 2443
2444 2435 2436
2440 2435 2444
2436 2442 2444
2442 2440 2444
2442 2445 2440
2442 2446 2445
2442 2443 2447
2447 2443 2448
2449 2447 2448
2450 2447 2449
2450 2451 2447
2452 2451 2450
2452 2453 2451
2454 2451 2453
2447 2455 2442
2442 2455 2446
2447 2451 2455
2446 2455 2451
2446 2451 2456
2451 2454 2456
2456 2454 2457
2456 2457 2458
2459 2460 2461
2462 2459 2461
2459 2462 2463
2462 2461 2464
2465 2462 2464
2466 2459 2463
2467 2462 2465
2467 2463 2462
2467 2465 2468
2467 2468 2469
2470 2467 2469
2470 2469 2471
2470 2471 2472
2466 2463 2473
2473 2474 2466
2475 2474 2473
2475 2473 2476
2477 2476 2473
2463 2477 2473
2467 2478 2463
2478 2467 2470
2470 2472 2479
2479 2472 2480
2481 2470 2479
2478 2470 2481
2481 2479 2482
2483 2463 2478
2483 2477 2463
2477 2484 2476
2484 2485 2476
2486 2485 2484
2486 2484 2487
2477 2487 2484
2483 2487 2477
2483 2488 2487
2489 2488 2483
2490 2483 2478
2490 2478 2481
2489 2483 2490
2481 2482 2491
2481 2491 2490
2482 2492 2491
2491 2492 2493
2491 2493 2494
2494 2490 2491
2495 2489 2490
2494 2495 2490
2489 2495 2496
2495 2494 2497
2496 2495 2497
2498 2499 2500
2498 2500 2501
2498 2501 2502
2498 2502 2503
2504 2505 2506
2504 2506 2507
2506 2508 2507
2506 2509 2508
2507 2508 2510
2511 2504 2507
2511 2512 2504
2513 2512 2511
2513 2511 2514
2515 2513 2514
2515 2514 2516
2515 2516 2517
2511 2507 2518
2507 2510 2518
2518 2510 2519
2518 2519 2520
2520 2519 2521
2522 2517 2516
2521 2522 2520
2522 2523 2517
2523 2522 2521
2524 2525 2526
2524 2527 2525
2524 2528 2527
2524 2529 2528
2530 2528 2529
2525 2527 2531
2525 2531 2532
2531 2533 2532
2531 2534 2533
2535 2534 2531
2527 2536 2531
2527 2528 2536
2535 2531 2536
2530 2537 2528
2536 2528 2537
2538 2537 2530
2538 2539 2537
2540 2537 2539
2535 2536 2541
2536 2537 2541
2540 2541 2537
2535 2541 2542
2541 2540 2543
2541 2543 2542
2544 2545 2546
2544 2546 2547
2548 2547 2546
2548 2546 2549
2550 2551 2552
2550 2552 2553
2554 2550 2553
2554 2555 2550
2556 2557 2558
2556 2559 2557
2559 2560 2557
2559 2561 2560
2562 2563 2564
2562 2565 2563
2566 2563 2565
2566 2567 2563
2568 2569 2570
2568 2570 2571
2572 2568 2571
2573 2571 2570
2573 2570 2574
2575 2571 2573
2572 2571 2576
2575 2576 2571
2577 2572 2576
2576 2575 2578
2577 2576 2579
2576 2578 2579
2580 2577 2579
2580 2579 2578
2580 2581 2577
2580 2578 2582
2583 2581 2580
2582 2583 2580
2583 2584 2581
2582 2585 2583
2583 2586 2584
2587 2583 2585
2583 2587 2586
2588 2586 2587
2587 2585 2589
2588 2587 2590
2590 2587 2589
2590 2589 2591
2592 2593 2594
2592 2594 2595
2594 2596 2595
2594 2597 2596
2595 2596 2598
2592 2595 2599
2595 2598 2599
2592 2599 2600
2601 2600 2599
2602 2599 2598
2601 2599 2602
2602 2598 2603
2602 2603 2604
2605 2601 2602
2602 2604 2605
2605 2606 2601
2607 2606 2605
2608 2605 2604
2607 2605 2609
2608 2609 2605
2609 2610 2607
2608 2611 2609
2609 2611 2610
2608 2612 2611
2613 2610 2611
2614 2611 2612
2613 2611 2615
2614 2615 2611
2616 2617 2618
2616 2619 2617
2619 2620 2617
2616 2621 2619
2616 2622 2621
2623 2619 2621
2619 2624 2620
2623 2624 2619
2624 2625 2620
2626 2624 2623
2624 2626 2625
2626 2623 2627
2625 2626 2628
2628 2626 2627
2625 2628 2629
2628 2627 2630
2629 2628 2631
2631 2628 2630
2631 2630 2632
2629 2631 2633
2631 2632 2634
2635 2633 2631
2631 2634 2635
2635 2636 2633
2637 2635 2634
2635 2638 2636
2637 2639 2635
2635 2639 2638
2640 2641 2642
2640 2642 2643
2644 2643 2642
2644 2642 2645
2643 2644 2646
2640 2643 2647
2643 2646 2647
2640 2647 2648
2647 2646 2649
2650 2648 2647
2647 2649 2651
2650 2647 2651
2651 2649 2652
2653 2650 2651
2651 2652 2654
2653 2651 2654
2652 2655 2654
2655 2652 2656
2657 2655 2656
2657 2656 2658
2655 2659 2654
2653 2654 2659
2653 2659 2660
2661 2660 2659
2661 2662 2660
2663 2657 2658
2663 2658 2664
2665 2663 2664
2666 2662 2661
2665 2666 2663
2666 2667 2662
2667 2666 2665
2668 2669 2670
2668 2670 2671
2671 2670 2672
2671 2672 2673
2671 2674 2668
2671 2673 2675
2671 2676 2674
2671 2675 2676
2676 2677 2674
2678 2676 2675
2676 2679 2677
2678 2679 2676
2680 2677 2679
2679 2678 2681
2680 2679 2682
2679 2681 2682
2680 2682 2683
2680 2683 2684
2685 2684 2683
2685 2686 2684
2683 2682 2687
2687 2682 2681
2687 2681 2688
2689 2687 2688
2689 2688 2690
2691 2686 2685
2691 2692 2686
2693 2692 2691
2694 2689 2690
2693 2691 2694
2694 2690 2695
2693 2694 2695
2696 2697 2698
2696 2698 2699
2700 2696 2699
2700 2699 2701
2699 2702 2701
2703 2699 2698
2699 2703 2702
2703 2698 2704
2703 2705 2702
2704 2706 2703
2703 2706 2705
2704 2707 2706
2708 2705 2706
2709 2706 2707
2708 2706 2710
2709 2710 2706
2708 2710 2711
2711 2710 2709
2708 2711 2712
2713 2712 2711
2711 2709 2714
2713 2711 2714
2713 2715 2712
2713 2714 2716
2717 2715 2713
2718 2713 2716
2717 2713 2719
2718 2719 2713
2720 2721 2722
2720 2722 2723
2723 2724 2720
2723 2725 2724
2723 2726 2725
2727 2723 2722
2723 2727 2726
2727 2722 2728
2729 2727 2728
2730 2726 2727
2729 2730 2727
2730 2731 2726
2732 2730 2729
2733 2731 2730
2732 2734 2730
2733 2730 2734
2734 2732 2735
2735 2732 2736
2736 2737 2735
2736 2738 2737
2739 2734 2735
2733 2734 2739
2733 2739 2740
2741 2740 2739
2741 2742 2740
2738 2743 2737
2738 2744 2743
2743 2744 2745
2746 2742 2741
2743 2745 2746
2746 2747 2742
2745 2747 2746
2748 2749 2750
2748 2750 2751
2751 2752 2748
2751 2753 2752
2753 2754 2752
2753 2755 2754
2756 2754 2755
2756 2755 2757
2758 2756 2757
2758 2759 2756
2760 2759 2758
2760 2761 2759
2760 2762 2761
2760 2763 2762
2764 2765 2766
2764 2767 2765
2768 2767 2764
2768 2764 2769
2768 2769 2770
2768 2770 2771
2770 2772 2771
2770 2773 2772
2772 2773 2774
2774 2775 2772
2776 2777 2778
2776 2779 2777
2779 2776 2780
2780 2781 2779
2780 2782 2781
2780 2783 2782
2784 2783 2780
2782 2783 2785
2786 2781 2782
2782 2785 2786
2781 2786 2787
2786 2788 2787
2786 2789 2788
2785 2789 2786
2785 2790 2789
2791 2792 2793
2791 2793 2794
2794 2795 2791
2794 2796 2795
2797 2795 2796
2797 2796 2798
2799 2797 2798
2799 2798 2800
2799 2800 2801
2801 2800 2802
2803 2801 2802
2803 2804 2801
2804 2803 2805
2804 2805 2806
2807 2806 2805
2807 2808 2806
2807 2809 2808
2807 2810 2809
2811 2809 2810
2811 2810 2812
2813 2814 2815
2813 2815 2816
2813 2816 2817
2813 2817 2818
2815 2819 2816
2817 2816 2819
2815 2820 2819
2821 2819 2820
2822 2821 2820
2821 2822 2823
2821 2823 2824
2824 2823 2825
2824 2825 2826
2824 2826 2827
2828 2818 2817
2828 2829 2818
2828 2817 2830
2817 2819 2830
2828 2830 2831
2832 2831 2830
2833 2830 2819
2821 2833 2819
2832 2830 2834
2834 2830 2833
2835 2832 2834
2835 2834 2836
2837 2835 2836
2834 2833 2838
2836 2834 2838
2839 2833 2821
2833 2840 2838
2833 2839 2840
2841 2838 2840
2836 2838 2842
2841 2842 2838
2837 2836 2843
2843 2836 2842
2844 2837 2843
2844 2845 2837
2844 2843 2846
2843 2842 2846
2844 2846 2847
2846 2848 2847
2846 2842 2849
2842 2841 2849
2841 2850 2849
2849 2851 2846
2851 2849 2850
2846 2851 2852
2851 2850 2853
2850 2854 2853
2854 2850 2855
2850 2856 2855
2850 2857 2856
2841 2857 2850
2857 2858 2856
2858 2857 2841
2858 2859 2856
2858 2860 2859
2858 2841 2861
2861 2841 2840
2861 2840 2862
2862 2840 2839
2863 2858 2861
2863 2864 2858
2864 2865 2858
2864 2863 2866
2863 2867 2866
2863 2868 2867
2863 2869 2868
2861 2869 2863
2869 2870 2868
2861 2871 2869
2869 2871 2870
2861 2862 2871
2872 2870 2871
2872 2871 2862
2872 2873 2870
2862 2839 2874
2872 2862 2874
2873 2872 2875
2874 2875 2872
2873 2875 2876
2876 2875 2827
2824 2827 2875
2874 2839 2877
2839 2821 2877
2824 2877 2821
2874 2878 2875
2824 2875 2878
2877 2824 2878
2874 2877 2878
2879 2880 2881
2879 2881 2882
2882 2883 2879
2882 2881 2884
2884 2885 2882
2882 2886 2883
2887 2885 2884
2888 2886 2882
2885 2888 2882
2888 2889 2886
2888 2890 2889
2888 2891 2890
2885 2891 2888
2892 2890 2891
2892 2893 2890
2892 2894 2893
2892 2895 2894
2896 2895 2892
2897 2896 2892
2898 2897 2892
2898 2892 2891
2891 2899 2898
2885 2899 2891
2899 2900 2898
2885 2900 2899
2900 2885 2901
2887 2901 2885
2901 2887 2902
2901 2902 2903
2903 2900 2901
2903 2904 2900
2905 2906 2907
2905 2908 2906
2908 2905 2909
2908 2909 2910
2911 2912 2913
2913 2914 2911
2914 2915 2911
2916 2915 2914
2916 2917 2915
2918 2917 2916
2919 2918 2916
2920 2919 2916
2921 2918 2919
2922 2918 2921
2922 2923 2918
2922 2924 2923
2922 2921 2925
2922 2926 2924
2925 2927 2922
2926 2922 2927
2928 2926 2927
2928 2929 2926
2928 2930 2929
2930 2928 2931
2928 2932 2931
2933 2927 2925
2933 2928 2927
2933 2925 2934
2935 2933 2934
2928 2933 2936
2935 2936 2933
2928 2936 2932
2937 2932 2936
2937 2938 2932
2937 2939 2938
2940 2939 2937
2936 2935 2941
2940 2937 2942
2937 2943 2942
2943 2944 2942
2945 2937 2936
2936 2941 2945
2937 2945 2943
2941 2943 2945
2941 2946 2943
2947 2943 2946
2943 2948 2944
2948 2949 2944
2950 2949 2948
2951 2950 2948
2951 2948 2952
2952 2953 2951
2952 2954 2953
2955 2954 2952
2948 2943 2956
2947 2956 2943
2948 2956 2952
2947 2952 2956
2947 2957 2952
2952 2957 2955
2957 2958 2955
2957 2959 2958
2960 2961 2962
2963 2961 2960
2960 2964 2963
2963 2965 2961
2966 2965 2963
2967 2964 2960
2968 2966 2963
2964 2968 2963
2968 2969 2966
2968 2970 2969
2971 2970 2968
2971 2972 2970
2971 2973 2972
2967 2974 2964
2974 2967 2975
2976 2974 2975
2976 2977 2974
2978 2974 2977
2964 2974 2978
2964 2979 2968
2979 2971 2968
2971 2980 2973
2980 2981 2973
2982 2980 2971
2979 2982 2971
2982 2983 2980
2984 2979 2964
2984 2964 2978
2978 2977 2985
2985 2977 2986
2987 2985 2986
2987 2988 2985
2978 2985 2988
2984 2978 2988
2984 2988 2989
2984 2989 2990
2991 2979 2984
2991 2982 2979
2984 2990 2991
2982 2992 2983
2982 2991 2992
2983 2992 2993
2992 2994 2993
2992 2995 2994
2995 2992 2991
2996 2991 2990
2995 2991 2996
2990 2997 2996
2996 2998 2995
2997 2998 2996
2999 3000 3001
2999 3001 3002
3001 3003 3002
3001 3004 3003
3005 3006 3007
3005 3007 3008
3009 3005 3008
3009 3010 3005
3008 3011 3009
3007 3012 3008
3007 3013 3012
3014 3012 3013
3014 3015 3012
3016 3015 3014
3016 3017 3015
3016 3018 3017
3012 3019 3008
3008 3019 3011
3019 3020 3011
3019 3021 3020
3021 3022 3020
3018 3023 3017
3022 3021 3023
3018 3024 3023
3024 3022 3023
3025 3026 3027
3025 3027 3028
3025 3028 3029
3025 3029 3030
3031 3030 3029
3032 3028 3027
3032 3027 3033
3032 3033 3034
3032 3034 3035
3032 3035 3036
3037 3028 3032
3037 3029 3028
3032 3036 3037
3031 3029 3038
3037 3038 3029
3038 3039 3031
3038 3040 3039
3041 3040 3038
3036 3042 3037
3037 3042 3038
3041 3038 3042
3036 3043 3042
3044 3041 3042
3044 3042 3043
3045 3046 3047
3045 3048 3046
3046 3048 3049
3046 3049 3050
3051 3052 3053
3051 3054 3052
3055 3054 3051
3055 3051 3056
3057 3058 3059
3057 3060 3058
3061 3060 3057
3061 3062 3060
3063 3064 3065
3063 3066 3064
3063 3067 3066
3063 3068 3067
3069 3070 3071
3069 3071 3072
3073 3072 3071
3069 3072 3074
3069 3074 3075
3076 3074 3072
3073 3077 3072
3076 3072 3077
3078 3077 3073
3077 3079 3076
3078 3080 3077
3077 3080 3079
3078 3081 3080
3081 3079 3080
3078 3082 3081
3081 3083 3079
3082 3084 3081
3084 3083 3081
3082 3085 3084
3084 3086 3083
3084 3085 3087
3086 3084 3088
3084 3087 3088
3088 3087 3089
3086 3088 3090
3088 3089 3091
3090 3088 3091
3090 3091 3092
3093 3094 3095
3093 3095 3096
3093 3096 3097
3093 3097 3098
3096 3099 3097
3095 3100 3096
3096 3100 3099
3095 3101 3100
3100 3101 3102
3103 3099 3100
3100 3102 3103
3103 3104 3099
3103 3105 3104
3106 3103 3102
3103 3106 3105
3106 3102 3107
3106 3107 3108
3109 3105 3106
3106 3108 3110
3109 3106 3110
3111 3110 3108
3112 3109 3110
3111 3112 3110
3112 3113 3109
3112 3111 3114
3115 3113 3112
3112 3114 3116
3115 3112 3116
3117 3118 3119
3117 3120 3118
3120 3117 3121
3118 3120 3122
3118 3122 3123
3124 3122 3120
3120 3121 3125
3124 3120 3125
3126 3125 3121
3127 3124 3125
3126 3127 3125
3127 3128 3124
3126 3129 3127
3129 3128 3127
3126 3130 3129
3129 3131 3128
3130 3132 3129
3132 3131 3129
3132 3133 3131
3130 3134 3132
3135 3133 3132
3136 3132 3134
3135 3132 3136
3136 3134 3137
3136 3138 3135
3139 3136 3137
3136 3140 3138
3139 3140 3136
3141 3142 3143
3141 3143 3144
3145 3141 3144
3145 3146 3141
3144 3147 3145
3148 3144 3143
3144 3148 3147
3148 3143 3149
3148 3150 3147
3148 3149 3151
3148 3152 3150
3148 3151 3152
3153 3150 3152
3154 3152 3151
3153 3152 3155
3154 3155 3152
3153 3155 3156
3156 3157 3153
3157 3156 3158
3157 3158 3159
3156 3155 3160
3154 3160 3155
3154 3161 3160
3161 3162 3160
3161 3163 3162
3159 3158 3164
3159 3164 3165
3166 3165 3164
3163 3167 3162
3166 3164 3167
3163 3168 3167
3168 3166 3167
3169 3170 3171
3169 3171 3172
3173 3169 3172
3173 3172 3174
3172 3171 3175
3176 3174 3172
3172 3175 3177
3176 3172 3177
3178 3177 3175
3179 3176 3177
3178 3180 3177
3179 3177 3180
3180 3178 3181
3182 3179 3180
3180 3181 3183
3182 3180 3183
3181 3184 3183
3181 3185 3184
3185 3186 3184
3185 3187 3186
3184 3188 3183
3188 3182 3183
3188 3189 3182
3189 3188 3190
3189 3190 3191
3187 3192 3186
3187 3193 3192
3194 3192 3193
3191 3190 3195
3194 3195 3192
3191 3195 3196
3194 3196 3195
3197 3198 3199
3197 3200 3198
3201 3200 3197
3201 3202 3200
3203 3200 3202
3198 3200 3204
3203 3204 3200
3198 3204 3205
3206 3204 3203
3207 3205 3204
3206 3207 3204
3207 3208 3205
3207 3206 3209
3207 3210 3208
3207 3209 3211
3207 3211 3210
3209 3212 3211
3210 3211 3212
3209 3213 3212
3214 3212 3213
3210 3212 3215
3214 3215 3212
3214 3213 3216
3214 3217 3215
3214 3216 3218
3219 3217 3214
3214 3218 3220
3219 3214 3220
3221 3222 3223
3221 3224 3222
3225 3224 3221
3225 3226 3224
3224 3226 3227
3228 3222 3224
3224 3227 3228
3228 3229 3222
3230 3229 3228
3231 3228 3227
3230 3228 3231
3231 3227 3232
3231 3233 3230
3231 3232 3234
3231 3235 3233
3231 3234 3235
3235 3236 3233
3236 3237 3233
3238 3237 3236
3238 3239 3237
3240 3236 3235
3234 3240 3235
3234 3241 3240
3241 3242 3240
3241 3243 3242
3244 3239 3238
3244 3245 3239
3244 3246 3245
3243 3247 3242
3244 3247 3246
3243 3248 3247
3246 3247 3248
3249 3250 3251
3249 3252 3250
3252 3249 3253
3252 3253 3254
3254 3253 3255
3254 3255 3256
3257 3256 3255
3257 3258 3256
3259 3258 3257
3259 3257 3260
3261 3259 3260
3261 3260 3262
3261 3262 3263
3261 3263 3264
3265 3266 3267
3265 3267 3268
3265 3268 3269
3265 3269 3270
3269 3271 3270
3269 3272 3271
3271 3272 3273
3271 3273 3274
3273 3275 3274
3275 3273 3276
3277 3278 3279
3277 3279 3280
3280 3281 3277
3281 3280 3282
3281 3282 3283
3281 3283 3284
3285 3281 3284
3286 3284 3283
3287 3283 3282
3286 3283 3287
3282 3288 3287
3287 3288 3289
3287 3289 3290
3286 3287 3290
3286 3290 3291
3292 3293 3294
3292 3295 3293
3295 3292 3296
3295 3296 3297
3298 3297 3296
3298 3299 3297
3300 3299 3298
3300 3301 3299
3300 3302 3301
3302 3303 3301
3304 3303 3302
3304 3302 3305
3305 3306 3304
3305 3307 3306
3308 3306 3307
3308 3307 3309
3308 3309 3310
3308 3310 3311
3312 3311 3310
3312 3313 3311
3314 3315 3316
3314 3316 3317
3314 3317 3318
3319 3320 3321
3319 3321 3322
3319 3322 3323
3324 3325 3326
3326 3327 3324
3328 3329 3330
3330 3331 3328
3332 3333 3334
3332 3335 3333
3336 3333 3335
3337 3336 3335
3337 3338 3336
3338 3337 3339
3336 3340 3333
3341 3333 3340
3341 3342 3333
3342 3341 3343
3344 3345 3346
3344 3347 3345
3344 3348 3347
3349 3350 3351
3349 3352 3350
3349 3353 3352
3354 3355 3356
3355 3354 3357
3358 3359 3360
3359 3358 3361
3362 3363 3364
3362 3365 3363
3366 3365 3362
3366 3367 3365
3366 3368 3367
3368 3369 3367
3366 3362 3370
3362 3371 3370
3362 3372 3371
3372 3373 3371
3374 3375 3376
3374 3376 3377
3377 3378 3374
3379 3377 3376
3379 3376 3380
3377 3381 3378
3381 3382 3378
3383 3381 3377
3381 3383 3382
3383 3377 3379
3384 3382 3383
3385 3379 3380
3385 3380 3386
3379 3387 3383
3384 3383 3387
3379 3385 3387
3388 3385 3386
3388 3387 3385
3388 3386 3389
3384 3387 3390
3388 3390 3387
3391 3384 3390
3389 3392 3388
3390 3388 3392
3389 3393 3392
3394 3392 3393
3391 3390 3395
3390 3392 3395
3395 3396 3391
3394 3397 3392
3395 3392 3397
3395 3398 3396
3395 3397 3398
3396 3398 3399
3399 3398 3397
3396 3399 3400
3401 3397 3394
3399 3397 3401
3401 3394 3402
3400 3399 3403
3401 3403 3399
3400 3403 3404
3405 3401 3402
3401 3405 3403
3405 3402 3406
3407 3405 3406
3404 3403 3408
3405 3408 3403
3407 3409 3405
3405 3409 3408
3409 3407 3410
3409 3410 3411
3408 3409 3411
3411 3410 3412
3413 3404 3408
3408 3411 3413
3413 3414 3404
3411 3412 3415
3413 3411 3415
3416 3414 3413
3413 3415 3416
3416 3417 3414
3417 3416 3415
3414 3417 3418
3412 3419 3415
3417 3415 3419
3412 3420 3419
3421 3417 3419
3420 3421 3419
3418 3417 3421
3420 3422 3421
3423 3421 3422
3423 3418 3421
3423 3424 3418
3425 3426 3427
3425 3427 3428
3427 3429 3428
3430 3425 3428
3430 3428 3431
3431 3428 3429
3432 3430 3431
3433 3432 3431
3433 3431 3434
3429 3434 3431
3433 3434 3435
3436 3435 3434
3434 3429 3436
3436 3437 3435
3437 3436 3438
3438 3436 3429
3437 3438 3439
3438 3440 3439
3441 3440 3438
3438 3429 3441
3441 3442 3440
3442 3441 3443
3441 3429 3444
3444 3443 3441
3427 3444 3429
3444 3445 3443
3444 3427 3446
3444 3446 3445
3447 3448 3449
3448 3450 3449
3451 3449 3450
3451 3452 3449
3447 3449 3453
3452 3453 3449
3454 3452 3451
3454 3451 3455
3456 3454 3455
3452 3454 3457
3457 3454 3456
3452 3458 3453
3452 3457 3458
3459 3453 3458
3457 3459 3458
3460 3447 3453
3459 3460 3453
3461 3447 3460
3459 3461 3460
3461 3462 3447
3457 3456 3463
3464 3463 3456
3457 3465 3459
3457 3463 3465
3466 3463 3464
3466 3465 3463
3464 3467 3466
3459 3468 3461
3465 3468 3459
3461 3469 3462
3468 3469 3461
3466 3470 3465
3465 3470 3468
3471 3470 3466
3467 3471 3466
3471 3468 3470
3472 3462 3469
3472 3473 3462
3472 3474 3473
3472 3475 3474
3468 3476 3469
3471 3476 3468
3477 3472 3469
3477 3469 3476
3472 3477 3475
3477 3476 3471
3467 3478 3471
3477 3471 3478
3478 3475 3477
3467 3479 3478
3478 3479 3475
3480 3481 3482
3481 3483 3482
3480 3482 3484
3484 3485 3480
3483 3486 3482
3483 3487 3486
3488 3486 3487
3489 3486 3488
3490 3482 3486
3489 3490 3486
3490 3484 3482
3490 3489 3491
3484 3492 3485
3492 3484 3490
3492 3493 3485
3492 3494 3493
3490 3491 3495
3492 3490 3495
3495 3494 3492
3496 3495 3491
3495 3496 3494
3497 3498 3499
3497 3499 3500
3497 3501 3498
3497 3500 3502
3498 3501 3503
3504 3502 3500
3504 3505 3502
3506 3505 3504
3506 3507 3505
3506 3508 3507
3507 3508 3509
3510 3509 3508
3510 3511 3509
3498 3503 3512
3503 3513 3512
3514 3512 3513
3515 3511 3510
3515 3516 3511
3515 3517 3516
3518 3517 3515
3519 3517 3518
3519 3518 3520
3514 3521 3512
3514 3522 3521
3523 3521 3522
3523 3524 3521
3523 3525 3524
3526 3519 3520
3526 3520 3527
3526 3527 3528
3526 3528 3529
3530 3524 3525
3529 3528 3530
3530 3525 3531
3529 3530 3531
3532 3533 3534
3535 3532 3534
3533 3536 3534
3537 3535 3534
3536 3538 3534
3539 3537 3534
3538 3540 3534
3540 3539 3534
3541 3542 3543
3542 3544 3543
3541 3545 3542
3542 3546 3544
3547 3545 3541
3548 3544 3546
3548 3546 3549
3550 3548 3549
3550 3549 3551
3550 3551 3552
3551 3553 3552
3554 3552 3553
3554 3553 3555
3547 3541 3556
3547 3556 3557
3556 3558 3557
3559 3554 3555
3559 3555 3560
3559 3560 3561
3562 3559 3561
3563 3562 3561
3563 3564 3562
3556 3565 3558
3558 3565 3566
3567 3566 3565
3567 3565 3568
3567 3568 3569
3564 3563 3570
3564 3570 3571
3570 3572 3571
3570 3573 3572
3569 3568 3574
3574 3572 3573
3569 3574 3575
3574 3573 3575
3576 3577 3578
3579 3577 3576
3578 3577 3580
3581 3577 3579
3580 3577 3582
3583 3577 3581
3582 3577 3584
3584 3577 3583
3585 3586 3587
3585 3587 3588
3589 3587 3586
3587 3590 3588
3589 3591 3587
3587 3592 3590
3591 3592 3587
3593 3590 3592
3592 3591 3594
3593 3592 3595
3595 3592 3594
3595 3594 3596
3595 3597 3593
3595 3596 3598
3595 3599 3597
3595 3598 3599
3599 3600 3597
3599 3598 3601
3599 3602 3600
3599 3601 3602
3603 3604 3605
3603 3606 3604
3607 3605 3604
3604 3606 3608
3607 3604 3609
3604 3608 3610
3609 3604 3610
3611 3610 3608
3610 3612 3609
3611 3613 3610
3612 3610 3613
3612 3613 3614
3615 3613 3611
3613 3616 3614
3615 3617 3613
3613 3617 3616
3617 3615 3618
3617 3619 3616
3617 3618 3620
3617 3620 3619
3621 3622 3623
3624 3623 3622
3625 3623 3624
3623 3625 3626
3623 3626 3627
3627 3628 3623
3623 3628 3629
3621 3623 3630
3623 3629 3630
3621 3630 3631
3631 3630 3629
3621 3631 3632
3631 3629 3633
3634 3632 3631
3635 3631 3633
3635 3634 3631
3636 3637 3638
3639 3638 3637
3640 3639 3637
3637 3641 3640
3637 3642 3641
3642 3637 3643
3644 3643 3637
3636 3645 3637
3644 3637 3645
3646 3645 3636
3644 3645 3646
3646 3636 3647
3644 3646 3648
3649 3646 3647
3650 3648 3646
3650 3646 3649
3651 3652 3653
3654 3652 3651
3652 3654 3655
3652 3656 3653
3657 3653 3656
3657 3656 3658
3652 3655 3659
3652 3659 3656
3656 3660 3658
3656 3659 3660
3660 3659 3655
3661 3658 3660
3660 3655 3662
3660 3662 3661
3663 3664 3665
3665 3664 3666
3667 3666 3664
3663 3668 3664
3667 3664 3669
3670 3668 3663
3670 3671 3668
3670 3672 3671
3670 3673 3672
3674 3667 3669
3674 3669 3675
3674 3675 3676
3674 3676 3677
3673 3678 3672
3677 3676 3678
3673 3679 3678
3677 3678 3679
3680 3681 3682
3681 3683 3682
3682 3683 3684
3680 3682 3685
3682 3684 3686
3687 3680 3685
3687 3685 3688
3689 3687 3688
3689 3690 3687
3686 3684 3691
3686 3691 3692
3691 3693 3692
3691 3694 3693
3695 3690 3689
3694 3695 3693
3695 3696 3690
3694 3696 3695
3697 3698 3699
3698 3700 3699
3698 3701 3700
3701 3702 3700
3701 3703 3702
3703 3704 3702
3703 3705 3704
3703 3706 3705
3703 3707 3706
3707 3703 3701
3707 3701 3708
3698 3708 3701
3698 3709 3708
3698 3710 3709
3697 3711 3698
3698 3711 3710
3712 3711 3697
3712 3697 3713
3712 3713 3714
3712 3714 3715
3716 3711 3712
3710 3711 3716
3710 3716 3717
3714 3718 3715
3718 3714 3719
3719 3720 3718
3721 3717 3716
3721 3716 3722
3718 3720 3723
3723 3721 3722
3723 3720 3724
3721 3723 3724
3725 3726 3727
3725 3727 3728
3725 3728 3729
3729 3728 3730
3729 3730 3731
3731 3730 3732
3731 3732 3733
3731 3733 3734
3731 3734 3735
3729 3731 3735
3729 3735 3736
3736 3725 3729
3736 3737 3725
3725 3737 3738
3725 3739 3726
3725 3738 3739
3740 3726 3739
3740 3741 3726
3740 3742 3741
3740 3743 3742
3744 3740 3739
3738 3744 3739
3738 3745 3744
3742 3743 3746
3746 3747 3742
3747 3746 3748
3749 3744 3745
3749 3750 3744
3746 3751 3748
3751 3750 3749
3751 3752 3748
3749 3752 3751
