byte offset: 0
first index: 44715
index count: 5961
topology: trianglelist
format: DXGI_FORMAT_R16_UINT

15534 15535 15536
15537 15538 15539
15540 15541 15542
15543 15544 15545
15546 15547 15548
15549 15550 15551
15552 15553 15554
15555 15556 15557
15558 15559 15560
15561 15562 15563
15564 15565 15566
15567 15568 15569
15570 15571 15572
15573 15574 15575
15576 15577 15578
15579 15580 15581
15579 15582 15580
15583 15582 15579
15583 15584 15582
15585 15584 15583
15585 15586 15584
15585 15587 15586
15585 15588 15587
15587 15588 15589
15587 15589 15590
15590 15589 15591
15592 15591 15589
15593 15591 15592
15590 15591 15594
15593 15594 15591
15592 15589 15595
15595 15589 15596
15595 15596 15597
15598 15597 15596
15598 15599 15597
15599 15598 15600
15599 15600 15601
15601 15600 15602
15601 15602 15603
15603 15602 15604
15603 15604 15605
15606 15592 15595
15607 15592 15606
15593 15592 15607
15606 15595 15608
15609 15608 15595
15609 15610 15608
15611 15610 15609
15611 15612 15610
15613 15612 15611
15613 15614 15612
15615 15614 15613
15616 15610 15612
15612 15617 15616
15612 15614 15617
15616 15618 15610
15618 15608 15610
15614 15619 15617
15614 15620 15619
15615 15620 15614
15620 15621 15619
15620 15622 15621
15615 15622 15620
15615 15623 15622
15618 15624 15608
15606 15608 15624
15606 15624 15625
15607 15606 15625
15626 15624 15618
15625 15624 15626
15607 15625 15627
15625 15626 15628
15627 15625 15628
15629 15607 15627
15627 15628 15630
15629 15627 15630
15629 15631 15607
15593 15607 15631
15626 15618 15632
15633 15632 15618
15633 15618 15634
15634 15635 15633
15634 15636 15635
15637 15635 15636
15637 15636 15638
15638 15639 15637
15638 15640 15639
15637 15639 15641
15637 15641 15642
15642 15635 15637
15642 15643 15635
15633 15635 15643
15633 15643 15644
15644 15632 15633
15644 15645 15632
15645 15626 15632
15645 15646 15626
15628 15626 15646
15628 15646 15647
15630 15628 15647
15646 15645 15648
15645 15649 15648
15645 15650 15649
15650 15651 15649
15650 15652 15651
15646 15648 15653
15653 15647 15646
15654 15630 15647
15653 15655 15647
15654 15647 15655
15655 15653 15656
15657 15656 15653
15657 15658 15656
15659 15658 15657
15659 15657 15660
15655 15656 15661
15661 15654 15655
15662 15630 15654
15629 15630 15662
15661 15656 15663
15664 15663 15656
15664 15665 15663
15666 15665 15664
15666 15664 15667
15661 15663 15668
15668 15669 15661
15668 15670 15669
15661 15671 15654
15661 15669 15671
15670 15672 15669
15670 15673 15672
15671 15674 15654
15662 15654 15674
15669 15675 15671
15669 15672 15675
15671 15675 15674
15676 15672 15673
15676 15673 15677
15678 15675 15672
15678 15672 15676
15675 15679 15674
15675 15678 15679
15680 15662 15674
15680 15674 15679
15681 15662 15680
15682 15681 15680
15681 15629 15662
15681 15631 15629
15683 15680 15679
15682 15680 15683
15678 15684 15679
15683 15679 15684
15685 15678 15676
15678 15685 15684
15686 15683 15684
15682 15683 15686
15684 15685 15686
15681 15687 15631
15682 15687 15681
15685 15676 15688
15688 15676 15677
15689 15686 15685
15689 15685 15688
15690 15631 15687
15593 15631 15690
15690 15687 15691
15593 15690 15692
15691 15692 15690
15682 15693 15687
15691 15687 15693
15593 15692 15694
15593 15694 15594
15695 15594 15694
15590 15594 15695
15696 15694 15692
15695 15694 15696
15682 15697 15693
15691 15693 15698
15693 15697 15698
15691 15699 15692
15699 15691 15698
15696 15692 15700
15700 15692 15699
15682 15701 15697
15682 15686 15701
15686 15702 15701
15697 15701 15702
15686 15689 15702
15703 15702 15689
15697 15702 15704
15704 15702 15703
15705 15698 15697
15705 15697 15704
15699 15698 15706
15705 15706 15698
15703 15689 15707
15707 15689 15688
15707 15688 15708
15709 15707 15708
15688 15677 15708
15709 15708 15677
15710 15703 15707
15709 15710 15707
15705 15704 15711
15706 15705 15712
15712 15705 15711
15699 15706 15713
15706 15712 15713
15714 15713 15712
15699 15713 15715
15700 15699 15715
15716 15715 15713
15716 15713 15714
15717 15700 15715
15717 15715 15716
15717 15696 15700
15711 15704 15718
15704 15703 15718
15696 15717 15719
15696 15719 15695
15712 15711 15720
15711 15718 15721
15720 15711 15721
15703 15722 15718
15722 15721 15718
15714 15712 15723
15720 15723 15712
15720 15724 15723
15703 15725 15722
15710 15725 15703
15710 15726 15725
15726 15722 15725
15710 15727 15726
15709 15727 15710
15709 15728 15727
15726 15729 15722
15709 15730 15728
15729 15731 15722
15729 15732 15731
15722 15731 15721
15732 15733 15731
15721 15731 15733
15732 15734 15733
15709 15735 15730
15735 15709 15677
15721 15733 15736
15720 15721 15736
15724 15720 15736
15737 15733 15734
15737 15736 15733
15737 15734 15738
15737 15739 15736
15739 15724 15736
15738 15740 15737
15739 15737 15740
15738 15741 15740
15741 15742 15740
15741 15743 15742
15742 15743 15744
15742 15744 15745
15739 15740 15746
15746 15740 15742
15739 15747 15724
15747 15739 15746
15747 15746 15748
15746 15742 15749
15749 15748 15746
15749 15742 15745
15749 15750 15748
15749 15745 15751
15751 15750 15749
15751 15745 15752
15751 15753 15750
15751 15752 15754
15753 15751 15754
15753 15754 15755
15724 15756 15723
15756 15714 15723
15724 15757 15756
15757 15724 15758
15724 15759 15758
15760 15758 15759
15760 15761 15758
15761 15757 15758
15762 15761 15760
15762 15763 15761
15764 15763 15762
15761 15765 15757
15765 15761 15763
15757 15766 15756
15757 15765 15766
15756 15767 15714
15766 15767 15756
15766 15768 15767
15766 15765 15769
15765 15763 15769
15768 15766 15770
15766 15769 15770
15768 15770 15771
15764 15772 15763
15773 15772 15764
15773 15774 15772
15775 15772 15774
15763 15776 15769
15763 15772 15776
15770 15769 15776
15775 15776 15772
15771 15770 15777
15770 15776 15777
15777 15776 15775
15771 15777 15778
15777 15775 15779
15778 15777 15779
15778 15779 15780
15781 15782 15783
15781 15784 15782
15785 15784 15781
15785 15786 15784
15787 15786 15785
15787 15788 15786
15789 15788 15787
15789 15790 15788
15590 15790 15789
15590 15791 15790
15590 15695 15791
15695 15792 15791
15793 15791 15792
15695 15719 15792
15794 15792 15719
15793 15792 15795
15796 15793 15795
15796 15795 15797
15796 15797 15798
15796 15798 15799
15799 15798 15800
15799 15800 15801
15794 15719 15802
15802 15719 15717
15803 15792 15794
15803 15804 15792
15803 15805 15804
15803 15806 15805
15805 15806 15807
15805 15807 15808
15802 15717 15809
15809 15717 15716
15809 15716 15810
15810 15716 15714
15802 15809 15811
15810 15811 15809
15714 15812 15810
15810 15812 15811
15714 15813 15812
15814 15812 15813
15814 15811 15812
15815 15811 15814
15802 15811 15816
15815 15816 15811
15817 15816 15815
15816 15794 15802
15817 15818 15816
15816 15818 15794
15819 15818 15817
15819 15820 15818
15794 15818 15820
15794 15820 15821
15794 15821 15803
15803 15821 15822
15822 15821 15823
15822 15823 15824
15825 15826 15827
15826 15828 15827
15826 15829 15828
15829 15830 15828
15829 15831 15830
15831 15832 15830
15831 15833 15832
15832 15833 15834
15832 15834 15835
15836 15835 15834
15836 15834 15837
15838 15839 15840
15838 15840 15841
15841 15840 15842
15841 15843 15838
15841 15842 15844
15841 15845 15843
15841 15844 15845
15845 15846 15843
15845 15847 15846
15844 15847 15845
15847 15848 15846
15844 15849 15847
15849 15844 15850
15849 15850 15851
15730 15849 15851
15730 15735 15849
15847 15852 15848
15849 15852 15847
15849 15735 15852
15852 15853 15848
15735 15854 15852
15852 15854 15853
15735 15677 15854
15677 15853 15854
15855 15856 15857
15855 15857 15858
15858 15857 15859
15858 15859 15860
15860 15859 15861
15860 15861 15862
15862 15861 15863
15862 15863 15864
15865 15866 15867
15865 15867 15868
15869 15870 15871
15869 15872 15870
15873 15872 15869
15873 15874 15872
15875 15874 15873
15875 15876 15874
15877 15876 15875
15877 15878 15876
15879 15878 15877
15879 15880 15878
15881 15882 15883
15881 15883 15884
15885 15886 15887
15885 15888 15886
15889 15888 15885
15889 15890 15888
15891 15890 15889
15891 15892 15890
15893 15892 15891
15893 15894 15892
15895 15894 15893
15895 15896 15894
15897 15898 15899
15897 15899 15900
15901 15902 15903
15901 15904 15902
15905 15904 15901
15905 15906 15904
15907 15906 15905
15907 15908 15906
15909 15908 15907
15909 15910 15908
15911 15910 15909
15911 15912 15910
15913 15914 15915
15913 15915 15916
15916 15915 15917
15916 15917 15918
15918 15917 15919
15918 15919 15920
15920 15919 15921
15920 15921 15922
15922 15921 15923
15922 15923 15924
15924 15923 15925
15924 15925 15926
15926 15925 15927
15926 15927 15928
15928 15927 15929
15928 15929 15930
15930 15929 15931
15930 15931 15932
15932 15931 15933
15932 15933 15934
15934 15933 15935
15934 15935 15936
15936 15935 15937
15936 15937 15938
15939 15940 15941
15939 15941 15942
15943 15944 15945
15943 15945 15946
15947 15948 15949
15947 15950 15948
15951 15950 15947
15951 15952 15950
15953 15952 15951
15953 15954 15952
15955 15954 15953
15955 15956 15954
15957 15958 15959
15957 15959 15960
15961 15962 15963
15961 15963 15964
15964 15963 15965
15964 15965 15966
15967 15968 15969
15967 15969 15970
15970 15969 15971
15970 15971 15972
15972 15971 15973
15972 15973 15974
15974 15973 15975
15974 15975 15976
15977 15978 15979
15977 15980 15978
15981 15980 15977
15981 15982 15980
15983 15984 15985
15983 15985 15986
15987 15988 15989
15987 15990 15988
15991 15990 15987
15991 15992 15990
15993 15992 15991
15993 15994 15992
15995 15994 15993
15995 15996 15994
15997 15996 15995
15997 15998 15996
15999 16000 16001
15999 16001 16002
16003 16004 16005
16003 16006 16004
16003 16007 16006
16008 16007 16003
16007 16008 16009
16007 16009 16010
16011 16012 16013
16011 16013 16014
16015 16016 16017
16015 16017 16018
16018 16017 16019
16018 16019 16020
16021 16022 16023
16021 16024 16022
16025 16024 16021
16025 16026 16024
16027 16028 16029
16027 16029 16030
16030 16029 16031
16030 16031 16032
16033 16034 16035
16033 16035 16036
16037 16038 16039
16037 16040 16038
16041 16040 16037
16041 16042 16040
16043 16042 16041
16043 16044 16042
16045 16046 16047
16045 16047 16048
16048 16047 16049
16048 16049 16050
16050 16049 16051
16050 16051 16052
16052 16051 16053
16052 16053 16054
16054 16053 16055
16054 16055 16056
16057 16058 16059
16057 16060 16058
16061 16060 16057
16061 16062 16060
16063 16062 16061
16063 16064 16062
16065 16066 16067
16065 16068 16066
16069 16068 16065
16069 16070 16068
16071 16070 16069
16071 16072 16070
16073 16072 16071
16073 16074 16072
16075 16076 16077
16075 16078 16076
16076 16078 16079
16080 16081 16082
16080 16083 16081
16084 16083 16080
16084 16085 16083
16086 16085 16084
16086 16087 16085
16088 16087 16086
16088 16089 16087
16090 16091 16092
16090 16092 16093
16093 16092 16094
16093 16094 16095
16096 16097 16098
16096 16098 16099
16099 16098 16100
16099 16100 16101
16101 16100 16102
16101 16102 16103
16103 16102 16104
16103 16104 16105
16105 16104 16106
16105 16106 16107
16108 16109 16110
16108 16110 16111
16111 16110 16112
16111 16112 16113
16113 16112 16114
16113 16114 16115
16116 16117 16118
16116 16118 16119
16120 16121 16122
16120 16122 16123
16123 16122 16124
16123 16124 16125
16125 16124 16126
16125 16126 16127
16127 16126 16128
16127 16128 16129
16129 16128 16130
16129 16130 16131
16132 16133 16134
16132 16134 16135
16136 16137 16138
16136 16138 16139
16136 16139 16140
16136 16140 16141
16142 16143 16144
16142 16144 16145
16146 16142 16145
16146 16147 16142
16146 16148 16147
16146 16149 16148
16150 16151 16152
16150 16152 16153
16154 16155 16156
16154 16156 16157
16158 16154 16157
16158 16157 16159
16160 16158 16159
16160 16159 16161
16162 16160 16161
16162 16163 16160
16162 16164 16163
16162 16165 16164
16165 16166 16164
16167 16164 16166
16167 16166 16168
16165 16169 16166
16168 16166 16169
16167 16170 16164
16170 16171 16164
16170 16172 16171
16173 16171 16172
16173 16172 16174
16174 16175 16173
16174 16176 16175
16176 16177 16175
16176 16178 16177
16178 16179 16177
16178 16180 16179
16181 16170 16167
16182 16181 16167
16167 16168 16182
16181 16183 16170
16184 16170 16183
16184 16183 16185
16186 16184 16185
16186 16185 16187
16188 16186 16187
16188 16187 16189
16190 16188 16189
16191 16187 16185
16187 16191 16192
16187 16192 16189
16191 16185 16193
16193 16185 16183
16189 16192 16194
16189 16194 16195
16190 16189 16195
16195 16194 16196
16195 16196 16197
16190 16195 16197
16190 16197 16198
16193 16183 16199
16181 16199 16183
16181 16200 16199
16182 16200 16181
16201 16193 16199
16200 16201 16199
16182 16202 16200
16200 16203 16201
16202 16203 16200
16204 16202 16182
16202 16205 16203
16204 16205 16202
16204 16182 16206
16168 16206 16182
16201 16207 16193
16208 16193 16207
16208 16209 16193
16209 16208 16210
16209 16210 16211
16212 16211 16210
16212 16213 16211
16213 16212 16214
16213 16214 16215
16212 16216 16214
16212 16217 16216
16217 16212 16210
16217 16210 16218
16208 16218 16210
16208 16219 16218
16219 16208 16207
16219 16207 16220
16220 16207 16201
16220 16201 16221
16203 16221 16201
16203 16222 16221
16205 16222 16203
16223 16220 16221
16224 16220 16223
16224 16225 16220
16226 16225 16224
16226 16227 16225
16223 16221 16228
16222 16228 16221
16222 16205 16229
16222 16230 16228
16222 16229 16230
16231 16228 16230
16231 16232 16228
16231 16233 16232
16234 16232 16233
16234 16235 16232
16231 16230 16236
16229 16236 16230
16237 16229 16205
16204 16237 16205
16238 16231 16236
16239 16231 16238
16239 16238 16240
16239 16240 16241
16239 16241 16242
16238 16236 16243
16236 16244 16243
16243 16244 16245
16229 16246 16236
16246 16244 16236
16245 16244 16247
16245 16247 16248
16249 16246 16229
16237 16249 16229
16250 16244 16246
16250 16247 16244
16249 16250 16246
16248 16247 16251
16248 16251 16252
16247 16250 16253
16247 16253 16251
16254 16250 16249
16254 16253 16250
16255 16249 16237
16255 16254 16249
16256 16255 16237
16257 16255 16256
16256 16237 16204
16256 16204 16206
16258 16254 16255
16257 16258 16255
16259 16253 16254
16258 16259 16254
16251 16253 16260
16259 16260 16253
16261 16259 16258
16257 16261 16258
16259 16261 16260
16256 16206 16262
16257 16256 16262
16251 16260 16263
16252 16251 16263
16260 16261 16264
16260 16264 16263
16265 16262 16206
16168 16265 16206
16265 16266 16262
16168 16267 16265
16266 16265 16267
16257 16262 16268
16266 16268 16262
16168 16269 16267
16168 16169 16269
16269 16169 16270
16270 16169 16165
16271 16267 16269
16269 16270 16271
16257 16268 16272
16266 16273 16268
16268 16273 16272
16266 16267 16274
16274 16273 16266
16271 16275 16267
16275 16274 16267
16257 16272 16276
16257 16276 16261
16261 16276 16277
16272 16277 16276
16261 16277 16264
16264 16277 16278
16272 16279 16277
16278 16277 16279
16280 16272 16273
16280 16279 16272
16274 16281 16273
16280 16273 16281
16264 16278 16282
16263 16264 16282
16263 16282 16283
16284 16283 16282
16252 16263 16283
16284 16252 16283
16285 16282 16278
16284 16282 16285
16280 16286 16279
16281 16287 16280
16287 16286 16280
16274 16288 16281
16281 16288 16287
16289 16287 16288
16274 16290 16288
16275 16290 16274
16291 16288 16290
16291 16289 16288
16292 16290 16275
16292 16291 16290
16292 16275 16271
16293 16279 16286
16278 16279 16293
16271 16294 16292
16271 16270 16294
16287 16295 16286
16293 16286 16296
16296 16286 16295
16278 16293 16297
16297 16293 16296
16298 16295 16287
16298 16299 16295
16289 16298 16287
16278 16297 16300
16285 16278 16300
16285 16300 16301
16297 16301 16300
16285 16301 16302
16284 16285 16302
16284 16302 16303
16297 16304 16301
16305 16284 16303
16306 16304 16297
16306 16307 16304
16297 16296 16306
16308 16307 16306
16296 16308 16306
16308 16309 16307
16305 16310 16284
16310 16252 16284
16296 16311 16308
16296 16295 16311
16311 16295 16299
16309 16308 16312
16312 16308 16311
16309 16312 16313
16312 16311 16314
16314 16311 16299
16315 16313 16312
16314 16315 16312
16315 16316 16313
16317 16316 16315
16317 16318 16316
16317 16319 16318
16317 16320 16319
16314 16321 16315
16321 16317 16315
16314 16299 16322
16322 16321 16314
16322 16323 16321
16321 16324 16317
16324 16321 16323
16324 16320 16317
16324 16323 16325
16324 16326 16320
16326 16324 16325
16326 16327 16320
16326 16325 16328
16326 16329 16327
16328 16329 16326
16328 16330 16329
16331 16299 16298
16331 16298 16289
16331 16332 16299
16332 16333 16299
16299 16333 16334
16335 16334 16333
16335 16333 16336
16336 16333 16332
16337 16335 16336
16337 16336 16338
16339 16337 16338
16336 16332 16340
16340 16338 16336
16341 16332 16331
16341 16340 16332
16331 16289 16342
16341 16331 16342
16341 16342 16343
16341 16344 16340
16340 16344 16338
16343 16345 16341
16341 16345 16344
16343 16346 16345
16339 16338 16347
16348 16339 16347
16348 16347 16349
16347 16350 16349
16351 16338 16344
16351 16347 16338
16345 16351 16344
16347 16351 16350
16346 16352 16345
16345 16352 16351
16352 16350 16351
16346 16353 16352
16352 16354 16350
16353 16354 16352
16353 16355 16354
16356 16357 16358
16356 16358 16359
16360 16356 16359
16360 16359 16361
16362 16360 16361
16362 16361 16363
16364 16362 16363
16364 16363 16365
16165 16364 16365
16165 16365 16366
16270 16165 16366
16270 16366 16367
16367 16366 16368
16270 16367 16294
16369 16294 16367
16367 16368 16370
16370 16368 16371
16370 16371 16372
16371 16373 16372
16371 16374 16373
16374 16375 16373
16374 16376 16375
16369 16377 16294
16377 16292 16294
16378 16369 16367
16378 16367 16379
16380 16378 16379
16380 16381 16378
16380 16382 16381
16380 16383 16382
16377 16384 16292
16384 16291 16292
16384 16385 16291
16385 16289 16291
16386 16384 16377
16385 16384 16386
16289 16385 16387
16385 16386 16387
16289 16387 16388
16389 16388 16387
16389 16387 16386
16390 16389 16386
16386 16377 16391
16390 16386 16391
16392 16390 16391
16369 16391 16377
16392 16391 16393
16369 16393 16391
16394 16392 16393
16394 16393 16395
16369 16395 16393
16369 16396 16395
16369 16378 16396
16378 16397 16396
16397 16398 16396
16397 16399 16398
16400 16401 16402
16403 16402 16401
16403 16404 16402
16405 16404 16403
16405 16406 16404
16407 16406 16405
16407 16408 16406
16407 16409 16408
16407 16410 16409
16409 16410 16411
16409 16411 16412
16413 16414 16415
16413 16416 16414
16416 16417 16414
16416 16413 16418
16416 16419 16417
16416 16418 16420
16416 16420 16419
16420 16418 16421
16420 16421 16422
16419 16420 16422
16422 16421 16423
16419 16422 16424
16425 16419 16424
16425 16424 16426
16305 16426 16424
16305 16424 16310
16422 16423 16427
16424 16422 16427
16424 16427 16310
16427 16423 16428
16310 16427 16429
16427 16428 16429
16310 16429 16252
16252 16429 16428
16430 16431 16432
16430 16433 16431
16433 16434 16431
16433 16435 16434
16435 16436 16434
16435 16437 16436
16437 16438 16436
16437 16439 16438
16440 16441 16442
16440 16442 16443
16444 16445 16446
16444 16446 16447
16448 16444 16447
16448 16447 16449
16450 16448 16449
16450 16449 16451
16452 16450 16451
16452 16451 16453
16454 16452 16453
16454 16453 16455
16456 16457 16458
16456 16458 16459
16460 16461 16462
16460 16462 16463
16464 16460 16463
16464 16463 16465
16466 16464 16465
16466 16465 16467
16468 16466 16467
16468 16467 16469
16470 16468 16469
16470 16469 16471
16472 16473 16474
16472 16474 16475
16476 16477 16478
16476 16478 16479
16480 16476 16479
16480 16479 16481
16482 16480 16481
16482 16481 16483
16484 16482 16483
16484 16483 16485
16486 16484 16485
16486 16485 16487
16488 16489 16490
16488 16491 16489
16491 16492 16489
16491 16493 16492
16493 16494 16492
16493 16495 16494
16495 16496 16494
16495 16497 16496
16497 16498 16496
16497 16499 16498
16499 16500 16498
16499 16501 16500
16501 16502 16500
16501 16503 16502
16503 16504 16502
16503 16505 16504
16505 16506 16504
16505 16507 16506
16507 16508 16506
16507 16509 16508
16509 16510 16508
16509 16511 16510
16511 16512 16510
16511 16513 16512
16514 16515 16516
16514 16516 16517
16518 16519 16520
16518 16520 16521
16522 16523 16524
16522 16524 16525
16526 16522 16525
16526 16525 16527
16528 16526 16527
16528 16527 16529
16530 16528 16529
16530 16529 16531
16532 16533 16534
16532 16534 16535
16536 16537 16538
16536 16539 16537
16539 16540 16537
16539 16541 16540
16542 16543 16544
16542 16545 16543
16545 16546 16543
16545 16547 16546
16547 16548 16546
16547 16549 16548
16549 16550 16548
16549 16551 16550
16552 16553 16554
16552 16554 16555
16556 16552 16555
16556 16555 16557
16558 16559 16560
16558 16560 16561
16562 16563 16564
16562 16564 16565
16566 16562 16565
16566 16565 16567
16568 16566 16567
16568 16567 16569
16570 16568 16569
16570 16569 16571
16572 16570 16571
16572 16571 16573
16574 16575 16576
16574 16576 16577
16578 16579 16580
16578 16580 16581
16578 16581 16582
16583 16578 16582
16584 16583 16582
16584 16582 16585
16586 16587 16588
16586 16588 16589
16590 16591 16592
16590 16593 16591
16593 16594 16591
16593 16595 16594
16596 16597 16598
16596 16598 16599
16600 16596 16599
16600 16599 16601
16602 16603 16604
16602 16605 16603
16605 16606 16603
16605 16607 16606
16608 16609 16610
16608 16610 16611
16612 16613 16614
16612 16614 16615
16616 16612 16615
16616 16615 16617
16618 16616 16617
16618 16617 16619
16620 16621 16622
16620 16623 16621
16623 16624 16621
16623 16625 16624
16625 16626 16624
16625 16627 16626
16627 16628 16626
16627 16629 16628
16629 16630 16628
16629 16631 16630
16632 16633 16634
16632 16634 16635
16636 16632 16635
16636 16635 16637
16638 16636 16637
16638 16637 16639
16640 16641 16642
16640 16642 16643
16644 16640 16643
16644 16643 16645
16646 16644 16645
16646 16645 16647
16648 16646 16647
16648 16647 16649
16650 16651 16652
16650 16652 16653
16652 16654 16653
16655 16656 16657
16655 16657 16658
16659 16655 16658
16659 16658 16660
16661 16659 16660
16661 16660 16662
16663 16661 16662
16663 16662 16664
16665 16666 16667
16665 16668 16666
16668 16669 16666
16668 16670 16669
16671 16672 16673
16671 16674 16672
16674 16675 16672
16674 16676 16675
16676 16677 16675
16676 16678 16677
16678 16679 16677
16678 16680 16679
16680 16681 16679
16680 16682 16681
16683 16684 16685
16683 16686 16684
16686 16687 16684
16686 16688 16687
16688 16689 16687
16688 16690 16689
16691 16692 16693
16691 16693 16694
16695 16696 16697
16695 16698 16696
16698 16699 16696
16698 16700 16699
16700 16701 16699
16700 16702 16701
16702 16703 16701
16702 16704 16703
16704 16705 16703
16704 16706 16705
16707 16708 16709
16707 16709 16710
16711 16712 16713
16711 16713 16714
16713 16715 16714
16713 16716 16715
16717 16718 16719
16717 16719 16720
16721 16720 16719
16721 16719 16722
16721 16722 16723
16721 16723 16724
16725 16726 16727
16725 16727 16728
16729 16730 16731
16729 16731 16732
16733 16734 16735
16733 16735 16736
16733 16736 16737
16733 16737 16738
16739 16740 16741
16739 16742 16740
16743 16744 16745
16743 16746 16744
16746 16747 16744
16746 16748 16747
16749 16750 16751
16749 16751 16752
16752 16753 16749
16751 16754 16752
16752 16755 16753
16752 16754 16756
16752 16756 16757
16752 16757 16758
16759 16752 16758
16752 16759 16760
16761 16755 16752
16762 16752 16760
16762 16761 16752
16761 16762 16763
16763 16762 16764
16765 16766 16767
16765 16767 16768
16769 16770 16771
16771 16770 16772
16773 16774 16775
16773 16776 16774
16776 16773 16777
16774 16776 16778
16776 16777 16779
16776 16780 16778
16776 16781 16780
16776 16782 16781
16776 16783 16782
16776 16784 16783
16785 16776 16779
16786 16784 16776
16786 16776 16785
16785 16787 16786
16787 16788 16786
16789 16790 16791
16789 16791 16792
16793 16794 16795
16794 16796 16795
16797 16798 16799
16797 16799 16800
16797 16800 16801
16802 16801 16800
16802 16803 16801
16804 16803 16802
16805 16806 16807
16805 16808 16806
16805 16809 16808
16810 16808 16809
16810 16809 16811
16812 16810 16811
16813 16814 16815
16816 16814 16813
16816 16813 16817
16816 16817 16818
16819 16818 16817
16819 16817 16820
16821 16819 16820
16821 16820 16822
16823 16821 16822
16823 16822 16824
16825 16823 16824
16826 16823 16825
16827 16828 16829
16827 16830 16828
16828 16830 16831
16832 16828 16831
16830 16833 16831
16834 16832 16831
16833 16834 16831
16834 16835 16832
16836 16835 16834
16834 16837 16836
16834 16838 16837
16833 16839 16834
16833 16840 16839
16839 16840 16841
16839 16841 16842
16842 16834 16839
16842 16841 16843
16844 16842 16843
16834 16845 16838
16842 16845 16834
16845 16846 16838
16847 16842 16844
16845 16842 16847
16845 16847 16846
16847 16848 16846
16849 16847 16844
16847 16850 16848
16849 16850 16847
16851 16848 16850
16849 16852 16850
16851 16850 16852
16849 16853 16852
16854 16851 16852
16855 16852 16853
16854 16852 16855
16855 16853 16856
16855 16857 16854
16858 16855 16856
16858 16857 16855
16859 16860 16861
16859 16861 16862
16863 16864 16865
16863 16865 16866
16867 16868 16869
16867 16869 16870
16871 16867 16870
16871 16870 16872
16873 16871 16872
16873 16872 16874
16875 16873 16874
16875 16874 16876
16877 16875 16876
16877 16876 16878
16879 16877 16878
16879 16878 16880
16881 16879 16880
16881 16880 16882
16883 16881 16882
16883 16882 16884
16885 16883 16884
16885 16884 16886
16887 16885 16886
16887 16886 16888
16887 16888 16889
16887 16889 16890
16891 16892 16893
16894 16891 16893
16894 16895 16891
16894 16896 16895
16897 16895 16896
16897 16898 16895
16899 16898 16897
16899 16900 16898
16901 16900 16899
16901 16902 16900
16903 16902 16901
16904 16903 16901
16905 16906 16907
16905 16908 16906
16905 16909 16908
16910 16909 16905
16908 16909 16911
16912 16909 16910
16911 16909 16912
16912 16910 16913
16914 16912 16913
16912 16914 16915
16912 16915 16916
16911 16912 16917
16911 16917 16918
16917 16919 16918
16917 16920 16919
16917 16921 16920
16921 16917 16912
16921 16922 16920
16912 16916 16923
16921 16912 16923
16923 16916 16924
16921 16925 16922
16923 16925 16921
16923 16924 16925
16925 16924 16926
16927 16922 16925
16925 16926 16928
16927 16925 16928
16929 16928 16926
16927 16928 16930
16929 16930 16928
16927 16930 16931
16932 16930 16929
16933 16931 16930
16932 16933 16930
16933 16934 16931
16933 16932 16935
16936 16934 16933
16936 16933 16935
16937 16938 16939
16937 16939 16940
16941 16942 16943
16941 16943 16944
16945 16946 16947
16945 16948 16946
16949 16948 16945
16949 16950 16948
16951 16950 16949
16951 16952 16950
16953 16952 16951
16953 16954 16952
16955 16954 16953
16955 16956 16954
16957 16956 16955
16957 16958 16956
16959 16958 16957
16959 16960 16958
16961 16960 16959
16961 16962 16960
16963 16962 16961
16963 16964 16962
16965 16964 16963
16965 16966 16964
16965 16967 16966
16965 16968 16967
16969 16970 16971
16969 16972 16970
16973 16970 16972
16973 16972 16974
16974 16975 16973
16974 16976 16975
16977 16975 16976
16978 16979 16980
16980 16979 16981
16981 16979 16982
16981 16982 16983
16984 16981 16983
16984 16985 16981
16981 16985 16986
16980 16981 16987
16987 16981 16986
16988 16987 16986
16989 16980 16987
16990 16987 16988
16989 16987 16991
16990 16991 16987
16991 16992 16989
16993 16992 16991
16994 16992 16993
16995 16994 16993
16996 16993 16991
16996 16991 16990
16993 16997 16995
16996 16997 16993
16995 16997 16998
16999 16998 16997
16996 16990 17000
17000 16997 16996
16999 16997 17001
17000 17001 16997
17002 16999 17001
17003 17002 17001
17004 17002 17003
17005 17004 17003
17006 17000 16990
17007 17000 17006
17006 16990 17008
17008 17009 17006
17006 17009 17010
17006 17010 17011
17011 17007 17006
17011 17012 17007
17007 17012 17013
17001 17000 17014
17001 17014 17003
17007 17014 17000
17005 17003 17015
17016 17005 17015
17017 17003 17014
17017 17014 17007
17017 17015 17003
17007 17013 17018
17017 17007 17018
17019 17018 17013
17018 17019 17020
17018 17020 17021
17021 17020 17022
17023 17021 17022
17021 17023 17024
17024 17025 17021
17016 17015 17026
17017 17026 17015
17027 17016 17026
17027 17028 17016
17027 17029 17028
17017 17018 17030
17017 17030 17026
17018 17021 17030
17027 17026 17030
17021 17025 17031
17030 17021 17031
17027 17030 17031
17025 17032 17031
17033 17031 17032
17033 17027 17031
17033 17034 17027
17027 17034 17029
17029 17034 17035
17036 17037 17038
17036 17039 17037
17039 17040 17037
17039 17041 17040
17041 17042 17040
17041 17043 17042
17043 17044 17042
17043 17045 17044
17045 17046 17044
17045 17047 17046
17047 17048 17046
17047 17049 17048
17050 17048 17049
17050 17049 17051
17051 17052 17050
17051 17053 17052
17054 17055 17056
17054 17057 17055
17057 17058 17055
17057 17059 17058
17059 17060 17058
17059 17061 17060
17061 17062 17060
17061 17063 17062
17063 17064 17062
17063 17065 17064
17065 17066 17064
17065 17067 17066
17068 17069 17070
17068 17071 17069
17071 17072 17069
17071 17073 17072
17073 17074 17072
17073 17075 17074
17075 17076 17074
17075 17077 17076
17078 17076 17077
17078 17077 17079
17079 17080 17078
17079 17081 17080
17081 17082 17080
17081 17083 17082
17082 17083 17084
17082 17084 17085
17086 17085 17084
17086 17087 17085
17088 17087 17086
17088 17086 17089
17090 17091 17092
17090 17092 17093
17090 17093 17094
17094 17093 17095
17095 17093 17096
17096 17093 17097
17096 17097 17098
17099 17098 17097
17099 17097 17100
17101 17099 17100
17101 17102 17099
17101 17103 17102
17101 17104 17103
17105 17103 17104
17105 17104 17106
17107 17108 17109
17107 17110 17108
17110 17111 17108
17110 17112 17111
17112 17113 17111
17112 17114 17113
17114 17115 17113
17114 17116 17115
17117 17115 17116
17117 17116 17118
17117 17118 17119
17119 17120 17117
17120 17119 17121
17122 17123 17124
17122 17124 17125
17125 17124 17126
17125 17126 17127
17127 17126 17128
17127 17128 17129
17129 17128 17130
17129 17130 17131
17132 17131 17130
17132 17133 17131
17132 17134 17133
17134 17132 17135
17135 17136 17134
17137 17138 17139
17137 17139 17140
17137 17140 17141
17140 17142 17141
17143 17141 17142
17144 17143 17142
17140 17145 17142
17146 17142 17145
17146 17145 17147
17148 17146 17147
17149 17146 17148
17150 17149 17148
17151 17149 17150
17152 17153 17154
17155 17152 17154
17156 17155 17154
17156 17154 17157
17156 17157 17158
17156 17158 17159
17159 17158 17160
17159 17160 17161
17161 17160 17162
17163 17162 17160
17163 17164 17162
17163 17165 17164
17163 17166 17165
17165 17166 17167
17165 17167 17168
17169 17168 17167
17169 17167 17170
17170 17171 17169
17170 17172 17171
17172 17173 17171
17172 17174 17173
17175 17173 17174
17175 17174 17176
17177 17178 17179
17178 17177 17180
17178 17180 17181
17181 17180 17182
17181 17182 17183
17183 17182 17184
17183 17184 17185
17186 17185 17184
17186 17187 17185
17187 17186 17188
17187 17188 17189
17190 17189 17188
17190 17188 17191
17192 17190 17191
17192 17193 17190
17194 17193 17192
17195 17193 17194
17195 17194 17196
17197 17198 17199
17197 17199 17200
17197 17200 17201
17201 17200 17202
17203 17201 17202
17203 17204 17201
17205 17204 17203
17205 17203 17206
17205 17206 17207
17207 17206 17208
17208 17206 17209
17208 17209 17210
17210 17209 17211
17211 17209 17212
17211 17212 17213
17213 17212 17214
17215 17216 17217
17217 17216 17218
17216 17219 17218
17219 17220 17218
17219 17221 17220
17220 17221 17222
17221 17223 17222
17221 17224 17223
17221 17225 17224
17225 17226 17224
17227 17226 17225
17228 17226 17227
17228 17229 17226
17230 17226 17229
17230 17231 17226
17230 17232 17231
17230 17233 17232
17232 17233 17234
17232 17234 17235
17235 17234 17236
17235 17236 17237
17237 17236 17238
17237 17238 17239
17240 17239 17238
17240 17241 17239
17228 17242 17229
17243 17242 17228
17243 17228 17244
17245 17243 17244
17245 17244 17246
17247 17245 17246
17243 17245 17248
17242 17243 17248
17247 17249 17245
17242 17248 17250
17229 17242 17250
17251 17249 17247
17251 17247 17252
17253 17251 17252
17253 17252 17254
17254 17255 17253
17254 17256 17255
17256 17257 17255
17256 17258 17257
17258 17259 17257
17258 17260 17259
17229 17250 17261
17229 17261 17262
17262 17261 17263
17229 17262 17264
17262 17263 17265
17264 17262 17265
17264 17265 17266
17265 17267 17266
17268 17269 17270
17268 17270 17271
17268 17271 17272
17272 17271 17273
17273 17271 17274
17273 17274 17275
17274 17276 17275
17274 17277 17276
17274 17278 17277
17279 17277 17278
17280 17277 17279
17280 17279 17281
17280 17281 17282
17283 17284 17285
17283 17286 17284
17287 17284 17286
17287 17288 17284
17289 17288 17287
17289 17287 17290
17289 17290 17291
17289 17291 17292
17292 17291 17293
17292 17293 17294
17295 17296 17297
17295 17297 17298
17298 17297 17299
17298 17299 17300
17300 17299 17301
17300 17301 17302
17302 17301 17303
17302 17303 17304
17303 17305 17304
17303 17306 17305
17307 17305 17306
17307 17308 17305
17308 17307 17309
17308 17309 17310
17311 17310 17309
17311 17309 17312
17313 17311 17312
17313 17312 17314
17315 17313 17314
17315 17316 17313
17317 17316 17315
17317 17315 17318
17319 17317 17318
17319 17318 17320
17319 17320 17321
17319 17321 17322
17323 17322 17321
17323 17321 17324
17325 17326 17327
17328 17326 17325
17328 17325 17329
17328 17329 17330
17328 17330 17331
17332 17333 17334
17335 17332 17334
17335 17336 17332
17337 17336 17335
17337 17335 17338
17339 17337 17338
17339 17338 17340
17339 17340 17341
17339 17341 17342
17339 17342 17343
17342 17344 17343
17342 17345 17344
17346 17344 17345
17346 17347 17344
17348 17349 17350
17351 17349 17348
17352 17351 17348
17351 17353 17349
17354 17351 17352
17353 17351 17354
17355 17353 17354
17354 17352 17356
17354 17356 17357
17358 17359 17360
17358 17361 17359
17361 17358 17362
17361 17362 17363
17364 17363 17362
17364 17365 17363
17366 17367 17368
17366 17368 17369
17370 17369 17368
17370 17368 17371
17372 17370 17371
17372 17371 17373
17374 17372 17373
17374 17375 17372
17374 17376 17375
17374 17377 17376
17376 17377 17378
17376 17378 17379
17380 17379 17378
17380 17381 17379
17382 17381 17380
17382 17383 17381
17384 17383 17382
17384 17385 17383
17386 17385 17384
17386 17387 17385
17388 17389 17390
17388 17390 17391
17392 17391 17390
17392 17393 17391
17393 17392 17394
17393 17394 17395
17396 17395 17394
17397 17398 17399
17398 17400 17399
17399 17400 17401
17401 17400 17402
17403 17402 17400
17403 17400 17404
17400 17405 17404
17398 17406 17400
17400 17406 17405
17406 17407 17405
17408 17406 17398
17409 17407 17406
17408 17410 17406
17409 17406 17410
17411 17410 17408
17411 17412 17410
17412 17411 17413
17414 17412 17413
17415 17410 17412
17415 17409 17410
17414 17416 17412
17415 17412 17416
17414 17417 17416
17418 17416 17417
17415 17419 17409
17419 17415 17416
17418 17420 17416
17419 17416 17420
17421 17420 17418
17421 17422 17420
17423 17422 17421
17424 17422 17423
17425 17409 17419
17419 17426 17425
17425 17427 17409
17427 17425 17428
17425 17429 17428
17425 17430 17429
17430 17425 17426
17430 17426 17431
17426 17432 17431
17420 17433 17419
17420 17422 17433
17419 17433 17426
17424 17434 17422
17435 17434 17424
17436 17433 17422
17436 17426 17433
17436 17422 17434
17426 17437 17432
17436 17437 17426
17438 17432 17437
17439 17438 17437
17439 17437 17440
17440 17441 17439
17440 17442 17441
17440 17443 17442
17443 17440 17444
17435 17445 17434
17436 17434 17445
17446 17445 17435
17446 17435 17447
17448 17446 17447
17436 17449 17437
17436 17445 17449
17449 17440 17437
17446 17449 17445
17440 17450 17444
17449 17450 17440
17446 17450 17449
17444 17450 17451
17452 17451 17450
17452 17450 17446
17452 17446 17453
17453 17446 17448
17453 17448 17454
17455 17456 17457
17455 17457 17458
17458 17457 17459
17458 17459 17460
17460 17459 17461
17460 17461 17462
17462 17461 17463
17462 17463 17464
17464 17463 17465
17464 17465 17466
17466 17465 17467
17466 17467 17468
17469 17468 17467
17469 17470 17468
17470 17469 17471
17470 17471 17472
17473 17474 17475
17473 17475 17476
17476 17475 17477
17476 17477 17478
17478 17477 17479
17478 17479 17480
17480 17479 17481
17480 17481 17482
17482 17481 17483
17482 17483 17484
17484 17483 17485
17484 17485 17486
17487 17488 17489
17487 17490 17488
17490 17491 17488
17490 17492 17491
17492 17493 17491
17492 17494 17493
17495 17493 17494
17495 17496 17493
17495 17497 17496
17495 17498 17497
17499 17500 17501
17499 17501 17502
17502 17501 17503
17502 17503 17504
17504 17503 17505
17504 17505 17506
17507 17506 17505
17507 17505 17508
17507 17508 17509
17507 17509 17510
17511 17512 17513
17514 17512 17511
