byte offset: 0
first index: 0
index count: 12378
topology: trianglelist
format: DXGI_FORMAT_R16_UINT

0 1 2
3 4 5
6 7 8
9 10 11
12 13 14
15 16 17
18 19 20
21 22 23
24 25 26
27 28 29
30 31 32
33 34 35
36 37 38
39 40 41
42 43 44
45 46 47
48 49 50
51 52 53
54 55 56
57 58 59
60 61 62
63 64 65
66 67 68
69 70 71
72 73 74
75 76 77
78 79 80
81 82 83
84 85 86
87 88 89
90 91 92
90 93 91
91 93 94
94 93 95
96 93 90
93 97 95
96 98 93
99 98 96
93 100 97
98 100 93
100 101 97
99 102 98
103 102 99
100 104 101
104 105 101
98 106 100
102 106 98
106 104 100
105 104 107
107 108 105
102 109 106
103 109 102
104 106 110
109 110 106
110 107 104
111 108 107
111 112 108
111 113 112
103 114 109
109 114 110
103 115 114
115 110 114
103 116 115
117 107 110
115 117 110
116 117 115
117 111 107
116 118 117
118 111 117
118 119 111
119 113 111
119 120 113
121 122 123
121 124 122
125 124 121
125 121 126
127 125 126
127 126 128
129 127 128
129 130 127
129 131 130
130 131 132
129 133 131
133 129 134
133 135 131
136 135 133
137 138 139
137 140 138
140 141 138
140 142 141
143 141 142
143 144 141
144 143 145
144 145 146
145 147 146
148 147 145
149 147 148
149 150 147
151 152 153
151 154 152
152 154 155
152 155 156
157 158 159
157 160 158
161 160 157
162 160 161
163 162 161
164 162 163
162 165 160
165 162 166
167 160 165
168 165 166
168 166 169
167 165 170
170 171 167
170 172 171
173 171 172
173 172 174
173 174 175
173 175 176
176 175 177
176 177 178
178 177 179
180 181 182
180 183 181
183 184 181
181 184 185
184 186 185
184 187 186
188 186 187
188 187 189
188 189 190
188 190 191
192 191 190
192 193 191
194 195 196
194 196 197
198 199 200
198 200 201
202 201 200
202 200 203
204 205 206
204 206 207
208 204 207
208 207 209
210 208 209
210 209 211
211 212 210
211 213 212
214 212 213
214 215 212
215 214 216
215 216 217
216 218 217
216 219 218
220 218 219
220 221 218
222 221 220
222 223 221
224 223 222
224 225 223
226 225 224
226 227 225
226 228 227
226 229 228
230 228 229
230 231 228
232 231 230
232 233 231
234 233 232
234 232 235
236 234 235
236 235 237
236 237 238
236 238 239
240 239 238
240 241 239
240 242 241
240 243 242
243 244 242
243 245 244
245 246 244
245 247 246
247 248 246
247 249 248
250 248 249
250 251 248
252 251 250
252 253 251
252 254 253
252 255 254
256 254 255
256 255 257
258 256 257
258 257 259
260 258 259
260 259 261
262 260 261
262 263 260
264 263 262
264 265 263
264 266 265
264 267 266
268 266 267
268 267 269
270 268 269
270 269 271
271 272 270
271 273 272
273 274 272
273 275 274
276 274 275
276 277 274
278 277 276
278 279 277
280 279 278
280 281 279
282 281 280
282 280 283
282 283 284
282 284 285
284 286 285
284 287 286
288 286 287
288 287 289
290 288 289
290 291 288
292 291 290
292 290 293
294 292 293
294 293 295
294 295 296
294 296 297
298 299 300
298 301 299
301 302 299
301 303 302
304 302 303
304 303 305
304 305 306
304 306 307
307 306 308
307 308 309
308 310 309
308 311 310
311 312 310
311 313 312
312 313 314
312 314 315
315 314 316
315 316 317
318 317 316
318 319 317
319 318 320
319 320 321
322 321 320
322 320 323
322 323 324
322 324 325
326 325 324
326 324 327
328 326 327
328 329 326
328 327 330
331 330 327
331 332 330
326 329 333
333 329 334
333 334 335
335 334 336
335 336 337
338 337 336
338 339 337
339 338 340
339 340 341
340 342 341
340 343 342
342 343 344
345 346 347
345 348 346
349 348 345
349 350 348
351 350 349
351 352 350
353 352 351
353 351 354
355 353 354
355 354 356
355 356 357
355 357 358
358 357 359
358 359 360
361 360 359
361 359 362
363 361 362
363 362 364
365 363 364
365 364 366
367 365 366
367 366 368
367 368 369
367 369 370
371 370 369
371 369 372
371 372 373
371 373 374
374 373 375
374 375 376
377 374 376
377 376 378
375 373 379
373 380 379
380 381 379
380 382 381
382 383 381
382 384 383
385 383 384
385 384 386
386 387 385
386 388 387
387 388 389
387 389 390
389 391 390
392 393 394
392 394 395
396 392 395
396 395 397
398 396 397
398 397 399
400 398 399
400 399 401
402 403 404
402 404 405
406 405 404
406 404 407
406 407 408
409 410 411
412 411 410
412 410 413
414 415 416
416 417 414
416 418 417
419 417 418
420 417 419
419 418 421
422 417 420
421 423 419
420 424 422
419 423 425
425 423 426
426 427 425
424 420 428
424 428 429
428 430 429
431 430 428
431 428 432
420 432 428
420 433 432
434 433 420
419 434 420
419 435 434
419 436 435
425 436 419
425 437 436
437 425 427
437 427 438
427 439 438
440 439 427
441 439 440
441 440 442
441 442 443
440 427 444
427 445 444
426 445 427
445 426 446
445 446 447
446 426 448
447 446 449
446 448 450
451 449 446
450 452 446
452 451 446
453 454 455
453 455 456
453 456 457
458 457 456
458 459 457
460 459 458
461 459 460
461 462 459
462 461 463
460 464 461
460 465 464
462 463 466
464 465 467
464 467 468
468 467 469
470 469 467
462 466 471
471 466 472
466 473 472
471 472 474
475 472 473
475 476 472
476 475 477
474 472 478
474 478 479
480 479 478
480 481 479
482 481 480
482 480 483
483 484 482
482 484 485
486 487 488
486 489 487
487 489 490
487 490 491
490 492 491
490 493 492
494 492 493
494 495 492
496 495 494
496 494 497
497 498 496
497 499 498
499 500 498
499 501 500
502 500 501
502 503 500
502 504 503
502 505 504
506 504 505
506 505 507
506 507 508
506 508 509
510 509 508
510 508 511
511 512 510
511 513 512
513 514 512
513 515 514
516 514 515
516 515 517
518 516 517
518 519 516
520 519 518
520 521 519
522 523 524
522 524 525
526 522 525
526 525 527
528 529 530
528 530 531
532 531 530
532 533 531
533 532 534
533 534 535
536 535 534
536 537 535
537 536 538
537 538 539
540 541 542
540 542 543
544 545 546
544 547 545
545 547 548
545 548 549
550 549 548
550 551 549
552 551 550
552 553 551
554 555 556
554 557 555
557 554 558
557 558 559
560 559 558
560 561 559
561 560 562
561 562 563
564 565 566
564 567 565
567 564 568
568 569 567
570 568 564
568 571 569
572 568 570
568 572 571
572 570 573
572 574 571
575 572 573
572 575 574
575 573 576
575 577 574
574 577 578
579 578 577
580 575 576
580 577 575
580 576 581
582 580 581
579 577 583
584 579 583
585 584 583
586 585 583
580 582 587
587 577 580
587 583 577
587 582 588
588 583 587
589 583 588
590 583 589
586 583 591
590 591 583
586 591 592
593 591 590
591 593 592
594 595 596
594 597 595
598 595 597
598 597 599
599 600 598
599 601 600
602 600 601
602 603 600
603 602 604
604 605 603
604 606 605
604 607 606
608 606 607
608 607 609
608 609 610
608 610 611
611 610 612
611 612 613
614 613 612
612 615 614
616 617 618
616 618 619
619 618 620
619 620 621
620 622 621
620 623 622
622 623 624
622 624 625
624 626 625
624 627 626
626 627 628
626 628 629
628 630 629
628 631 630
631 632 630
631 633 632
633 634 632
633 635 634
634 635 636
634 636 637
636 638 637
636 639 638
640 641 642
640 642 643
643 642 644
643 644 645
645 644 646
645 646 647
648 647 646
648 646 649
649 650 648
649 651 650
652 650 651
652 651 653
654 652 653
654 653 655
654 655 656
654 656 657
657 656 658
657 658 659
659 658 660
659 660 661
660 662 661
660 663 662
664 665 666
666 665 667
665 668 667
668 669 667
668 670 669
668 671 670
671 672 670
671 673 672
673 674 672
673 675 674
676 674 675
677 678 679
677 679 680
681 677 680
681 682 677
683 682 681
683 684 682
685 684 683
685 686 684
687 686 685
687 688 686
689 688 687
689 690 688
691 692 693
691 693 694
693 695 694
693 696 695
697 695 696
697 696 698
697 698 699
697 699 700
699 701 700
699 702 701
702 703 701
702 704 703
704 705 703
704 706 705
707 708 709
707 710 708
707 711 710
707 712 711
711 712 713
711 713 714
714 713 715
714 715 716
717 718 719
720 718 717
721 718 720
721 722 718
723 722 721
723 724 722
725 724 723
725 726 724
727 723 721
725 723 727
728 726 725
728 729 726
728 730 729
731 730 728
731 728 725
732 725 727
731 725 732
733 727 721
732 727 733
734 721 720
733 721 734
735 731 732
735 736 731
732 733 737
737 733 734
738 736 735
739 736 738
735 732 740
740 732 737
738 735 740
739 738 741
738 740 741
739 741 742
740 737 743
743 737 734
734 720 744
744 720 717
740 743 745
741 740 745
743 734 746
746 734 744
745 743 746
747 744 717
746 744 747
747 717 748
749 747 748
741 745 750
750 745 746
742 741 751
741 750 751
750 746 752
752 746 747
751 750 752
753 747 749
752 747 753
754 753 749
755 753 754
756 753 755
756 752 753
742 751 757
757 751 752
757 752 756
742 757 758
758 757 756
759 760 761
759 761 762
761 763 762
763 764 762
765 759 762
762 764 766
765 762 767
768 765 767
762 766 769
767 762 769
769 766 770
768 767 771
772 768 771
769 770 773
773 770 774
767 769 775
771 767 775
775 769 773
774 776 773
776 774 777
771 775 778
772 771 778
773 779 775
778 775 779
779 773 776
780 776 777
780 777 781
780 781 782
772 778 783
778 779 783
772 783 784
784 783 779
772 784 785
786 779 776
784 779 786
785 784 786
786 776 780
785 786 787
787 786 780
787 780 788
788 780 782
788 782 789
790 791 792
790 792 793
794 790 793
794 795 790
796 795 794
796 797 795
798 797 796
798 796 799
798 799 800
799 801 800
798 800 802
802 803 798
802 800 804
805 802 804
806 807 808
806 808 809
809 808 810
809 810 811
812 811 810
812 810 813
813 814 812
813 815 814
814 815 816
817 814 816
818 817 816
818 816 819
820 821 822
820 822 823
822 824 823
822 825 824
826 827 828
826 828 829
830 826 829
831 830 829
832 830 831
833 832 831
831 829 834
834 835 831
836 834 829
837 835 834
837 838 835
836 839 834
839 836 840
839 840 841
842 841 840
842 843 841
842 844 843
842 845 844
845 846 844
845 847 846
847 848 846
849 850 851
849 851 852
852 851 853
851 854 853
853 854 855
853 855 856
857 856 855
857 858 856
857 859 858
857 860 859
861 859 860
861 860 862
863 864 865
863 865 866
867 868 869
867 870 868
871 868 870
871 872 868
873 874 875
873 876 874
877 876 873
877 878 876
879 878 877
879 880 878
880 879 881
880 881 882
883 882 881
883 881 884
884 885 883
884 886 885
885 886 887
885 887 888
889 888 887
889 887 890
891 889 890
891 890 892
893 891 892
893 892 894
895 893 894
895 894 896
895 896 897
895 897 898
899 898 897
899 897 900
901 899 900
901 900 902
903 901 902
903 904 901
905 904 903
905 906 904
905 907 906
905 908 907
909 907 908
909 908 910
909 910 911
909 911 912
912 911 913
912 913 914
914 913 915
914 915 916
916 915 917
916 917 918
919 918 917
919 917 920
921 919 920
921 920 922
921 922 923
921 923 924
925 924 923
925 926 924
927 926 925
927 928 926
929 928 927
929 930 928
931 930 929
931 929 932
933 931 932
933 932 934
933 934 935
933 935 936
937 936 935
937 938 936
939 938 937
939 940 938
940 939 941
940 941 942
942 941 943
942 943 944
945 944 943
945 943 946
947 945 946
947 946 948
949 947 948
949 948 950
951 949 950
951 952 949
951 953 952
951 954 953
953 954 955
953 955 956
957 956 955
957 958 956
959 958 957
959 957 960
961 959 960
961 962 959
963 962 961
963 964 962
963 965 964
963 966 965
967 968 969
967 969 970
970 969 971
970 971 972
973 972 971
973 974 972
973 975 974
973 976 975
976 977 975
976 978 977
977 978 979
977 979 980
980 979 981
980 981 982
981 983 982
981 984 983
984 985 983
984 986 985
987 985 986
987 986 988
988 989 987
988 990 989
989 990 991
989 991 992
991 993 992
991 994 993
993 994 995
993 995 996
996 995 997
996 997 998
999 996 998
999 998 1000
997 995 1001
995 1002 1001
1002 1003 1001
1002 1004 1003
1004 1005 1003
1004 1006 1005
1007 1005 1006
1007 1006 1008
1008 1009 1007
1008 1010 1009
1009 1010 1011
1009 1011 1012
1011 1013 1012
1014 1015 1016
1014 1016 1017
1018 1014 1017
1018 1017 1019
1020 1018 1019
1020 1019 1021
1020 1021 1022
1020 1022 1023
1023 1022 1024
1023 1024 1025
1024 1026 1025
1024 1027 1026
1027 1028 1026
1027 1029 1028
1028 1029 1030
1028 1030 1031
1031 1030 1032
1031 1032 1033
1034 1033 1032
1034 1035 1033
1035 1034 1036
1035 1036 1037
1036 1038 1037
1036 1039 1038
1038 1039 1040
1038 1040 1041
1040 1042 1041
1040 1043 1042
1043 1044 1042
1043 1045 1044
1046 1045 1043
1046 1047 1045
1044 1048 1042
1042 1048 1049
1049 1048 1050
1049 1050 1051
1051 1050 1052
1051 1052 1053
1054 1053 1052
1054 1055 1053
1055 1054 1056
1055 1056 1057
1056 1058 1057
1056 1059 1058
1058 1059 1060
1061 1062 1063
1061 1064 1062
1065 1064 1061
1065 1066 1064
1067 1066 1065
1067 1068 1066
1069 1068 1067
1069 1070 1068
1071 1072 1073
1071 1074 1072
1075 1072 1074
1075 1076 1072
1075 1077 1076
1078 1079 1080
1081 1080 1079
1081 1082 1080
1083 1084 1085
1084 1083 1086
1084 1086 1087
1088 1087 1086
1089 1088 1086
1088 1090 1087
1091 1089 1086
1090 1088 1092
1089 1091 1093
1088 1094 1092
1094 1095 1092
1095 1094 1096
1097 1089 1093
1097 1093 1098
1097 1098 1099
1100 1097 1099
1100 1101 1097
1089 1097 1101
1089 1101 1102
1103 1089 1102
1103 1088 1089
1103 1104 1088
1088 1104 1105
1105 1094 1088
1105 1106 1094
1106 1096 1094
1106 1107 1096
1096 1107 1108
1109 1096 1108
1110 1109 1108
1110 1111 1109
1110 1112 1111
1109 1113 1096
1096 1113 1114
1095 1096 1114
1114 1115 1095
1114 1116 1115
1115 1117 1095
1116 1118 1115
1115 1119 1117
1120 1115 1118
1119 1115 1121
1121 1115 1120
1122 1123 1124
1122 1125 1123
1122 1126 1125
1127 1125 1126
1127 1126 1128
1129 1127 1128
1130 1129 1128
1130 1128 1131
1131 1132 1130
1129 1130 1133
1129 1133 1134
1131 1135 1132
1133 1136 1134
1133 1137 1136
1137 1138 1136
1139 1136 1138
1131 1140 1135
1140 1141 1135
1135 1141 1142
1140 1143 1141
1144 1142 1141
1144 1141 1145
1145 1146 1144
1143 1147 1141
1143 1148 1147
1149 1147 1148
1149 1148 1150
1151 1149 1150
1151 1152 1149
1152 1151 1153
1151 1154 1153
1155 1156 1157
1155 1157 1158
1157 1159 1158
1157 1160 1159
1159 1160 1161
1159 1161 1162
1163 1162 1161
1163 1161 1164
1165 1163 1164
1165 1166 1163
1166 1165 1167
1166 1167 1168
1168 1167 1169
1168 1169 1170
1171 1170 1169
1171 1169 1172
1171 1172 1173
1171 1173 1174
1175 1174 1173
1175 1176 1174
1175 1177 1176
1175 1178 1177
1179 1177 1178
1179 1180 1177
1180 1179 1181
1180 1181 1182
1182 1181 1183
1182 1183 1184
1185 1184 1183
1185 1186 1184
1187 1186 1185
1187 1185 1188
1189 1187 1188
1189 1188 1190
1191 1192 1193
1191 1194 1192
1195 1194 1191
1195 1196 1194
1197 1198 1199
1197 1200 1198
1201 1198 1200
1201 1200 1202
1202 1203 1201
1202 1204 1203
1205 1203 1204
1205 1204 1206
1206 1207 1205
1206 1208 1207
1209 1210 1211
1209 1211 1212
1213 1214 1215
1213 1215 1216
1215 1217 1216
1215 1218 1217
1219 1217 1218
1219 1218 1220
1221 1219 1220
1221 1220 1222
1223 1224 1225
1223 1225 1226
1226 1227 1223
1226 1228 1227
1229 1227 1228
1229 1228 1230
1230 1231 1229
1230 1232 1231
1233 1234 1235
1233 1235 1236
1236 1237 1233
1237 1236 1238
1239 1233 1237
1237 1238 1240
1241 1239 1237
1237 1240 1241
1241 1242 1239
1241 1240 1243
1244 1242 1241
1241 1243 1244
1244 1245 1242
1244 1243 1246
1243 1247 1246
1248 1246 1247
1249 1245 1244
1249 1244 1246
1249 1250 1245
1251 1250 1249
1248 1252 1246
1253 1252 1248
1254 1252 1253
1255 1252 1254
1249 1256 1251
1256 1249 1246
1256 1246 1252
1256 1257 1251
1257 1256 1252
1258 1257 1252
1259 1258 1252
1255 1260 1252
1259 1252 1260
1255 1261 1260
1262 1259 1260
1260 1261 1262
1263 1264 1265
1263 1265 1266
1267 1266 1265
1267 1268 1266
1269 1268 1267
1269 1270 1268
1271 1270 1269
1271 1269 1272
1272 1273 1271
1273 1272 1274
1275 1273 1274
1275 1276 1273
1277 1276 1275
1277 1278 1276
1277 1279 1278
1277 1280 1279
1280 1281 1279
1280 1282 1281
1283 1281 1282
1281 1283 1284
1285 1286 1287
1285 1288 1286
1288 1289 1286
1288 1290 1289
1289 1290 1291
1289 1291 1292
1291 1293 1292
1291 1294 1293
1293 1294 1295
1293 1295 1296
1295 1297 1296
1295 1298 1297
1297 1298 1299
1297 1299 1300
1300 1299 1301
1300 1301 1302
1302 1301 1303
1302 1303 1304
1303 1305 1304
1303 1306 1305
1305 1306 1307
1305 1307 1308
1309 1310 1311
1309 1312 1310
1312 1313 1310
1312 1314 1313
1314 1315 1313
1314 1316 1315
1317 1315 1316
1317 1318 1315
1318 1317 1319
1318 1319 1320
1321 1320 1319
1321 1322 1320
1323 1322 1321
1323 1324 1322
1323 1325 1324
1323 1326 1325
1326 1327 1325
1326 1328 1327
1328 1329 1327
1328 1330 1329
1329 1330 1331
1329 1331 1332
1333 1334 1335
1334 1336 1335
1335 1336 1337
1337 1336 1338
1337 1338 1339
1337 1339 1340
1340 1339 1341
1340 1341 1342
1342 1341 1343
1342 1343 1344
1345 1344 1343
1346 1347 1348
1346 1349 1347
1350 1349 1346
1350 1346 1351
1352 1350 1351
1352 1351 1353
1354 1352 1353
1354 1353 1355
1356 1354 1355
1356 1355 1357
1358 1356 1357
1358 1357 1359
1360 1361 1362
1360 1363 1361
1361 1363 1364
1361 1364 1365
1366 1365 1364
1366 1367 1365
1366 1368 1367
1366 1369 1368
1368 1369 1370
1368 1370 1371
1371 1370 1372
1371 1372 1373
1373 1372 1374
1373 1374 1375
1376 1377 1378
1376 1378 1379
1380 1376 1379
1380 1381 1376
1382 1381 1380
1382 1380 1383
1383 1384 1382
1383 1385 1384
1386 1387 1388
1389 1386 1388
1390 1389 1388
1390 1388 1391
1392 1390 1391
1392 1391 1393
1394 1392 1393
1394 1393 1395
1396 1390 1392
1394 1396 1392
1397 1394 1395
1397 1395 1398
1397 1398 1399
1400 1397 1399
1400 1394 1397
1401 1396 1394
1400 1401 1394
1402 1390 1396
1401 1402 1396
1403 1389 1390
1402 1403 1390
1404 1401 1400
1404 1400 1405
1401 1406 1402
1406 1403 1402
1407 1404 1405
1408 1407 1405
1404 1409 1401
1409 1406 1401
1407 1409 1404
1408 1410 1407
1407 1410 1409
1408 1411 1410
1409 1412 1406
1412 1403 1406
1403 1413 1389
1413 1386 1389
1409 1414 1412
1410 1414 1409
1412 1415 1403
1415 1413 1403
1414 1415 1412
1416 1386 1413
1415 1416 1413
1416 1417 1386
1418 1417 1416
1410 1419 1414
1419 1415 1414
1411 1420 1410
1410 1420 1419
1419 1421 1415
1421 1416 1415
1420 1421 1419
1422 1418 1416
1421 1422 1416
1423 1418 1422
1424 1423 1422
1425 1424 1422
1425 1422 1421
1411 1426 1420
1426 1421 1420
1426 1425 1421
1411 1427 1426
1427 1425 1426
1428 1429 1430
1430 1429 1431
1430 1431 1432
1432 1431 1433
1432 1433 1434
1434 1433 1435
1434 1435 1436
1437 1436 1435
1434 1438 1432
1439 1432 1438
1440 1439 1438
1440 1441 1439
1440 1442 1441
1440 1443 1442
1444 1445 1446
1444 1447 1445
1444 1448 1447
1447 1448 1449
1447 1450 1445
1447 1451 1450
1450 1451 1452
1453 1450 1452
1453 1452 1454
1455 1453 1454
1456 1455 1454
1457 1453 1455
1457 1458 1453
1457 1459 1458
1457 1460 1459
1461 1462 1463
1461 1464 1462
1462 1464 1465
1462 1465 1466
1467 1466 1465
1467 1468 1466
1469 1468 1467
1469 1470 1468
1470 1469 1471
1470 1471 1472
1473 1472 1471
1474 1472 1473
1475 1472 1474
1475 1476 1472
1477 1476 1475
1477 1478 1476
1479 1478 1477
1479 1480 1478
1478 1480 1481
1480 1482 1481
1483 1480 1479
1480 1483 1482
1483 1479 1484
1482 1483 1485
1486 1483 1484
1486 1485 1483
1474 1473 1487
1487 1473 1488
1489 1474 1487
1489 1490 1474
1491 1474 1490
1489 1492 1490
1493 1490 1492
1493 1494 1490
1495 1494 1493
1495 1493 1496
1491 1490 1497
1491 1497 1498
1496 1499 1495
1496 1500 1499
1499 1500 1501
1499 1501 1502
1503 1502 1501
1504 1498 1497
1504 1497 1505
1504 1505 1506
1504 1506 1507
1508 1507 1506
1508 1506 1509
1510 1511 1512
1513 1512 1511
1513 1514 1512
1515 1514 1513
1515 1516 1514
1516 1515 1517
1516 1517 1518
1519 1518 1517
1519 1520 1518
1521 1520 1519
1522 1523 1524
1524 1523 1525
1524 1525 1526
1526 1525 1527
1526 1527 1528
1527 1529 1528
1527 1530 1529
1530 1531 1529
1532 1530 1527
1532 1531 1530
1533 1527 1525
1532 1527 1533
1532 1534 1531
1534 1535 1531
1534 1536 1535
1536 1537 1535
1536 1538 1537
1538 1539 1537
1538 1540 1539
1540 1541 1539
1542 1534 1532
1542 1543 1534
1543 1536 1534
1532 1544 1542
1532 1533 1544
1545 1538 1536
1543 1545 1536
1546 1545 1543
1545 1547 1538
1547 1540 1538
1543 1548 1546
1543 1549 1548
1550 1548 1549
1550 1551 1548
1550 1552 1551
1550 1553 1552
1554 1552 1553
1555 1553 1550
1554 1553 1556
1556 1553 1555
1554 1556 1557
1556 1555 1558
1559 1558 1555
1558 1559 1560
1561 1558 1560
1561 1562 1558
1560 1559 1563
1563 1564 1560
1563 1559 1565
1563 1565 1566
1567 1566 1565
1568 1569 1570
1571 1569 1568
1571 1568 1572
1571 1572 1573
1568 1574 1572
1575 1576 1577
1577 1576 1578
1577 1578 1579
1579 1578 1580
1579 1580 1581
1582 1581 1580
1583 1584 1585
1583 1585 1586
1587 1588 1589
1587 1589 1590
1591 1592 1593
1591 1593 1594
1595 1596 1597
1595 1598 1596
1599 1598 1595
1599 1600 1598
1601 1600 1599
1601 1602 1600
1603 1602 1601
1603 1604 1602
1605 1604 1603
1605 1606 1604
1607 1606 1605
1607 1608 1606
1609 1608 1607
1609 1610 1608
1611 1610 1609
1611 1612 1610
1612 1611 1613
1612 1613 1614
1613 1615 1614
1613 1616 1615
1617 1618 1619
1617 1619 1620
1621 1617 1620
1621 1620 1622
1623 1621 1622
1623 1622 1624
1625 1623 1624
1625 1624 1626
1627 1625 1626
1627 1626 1628
1629 1627 1628
1630 1627 1629
1629 1628 1631
1630 1629 1632
1630 1632 1633
1634 1633 1632
1634 1632 1635
1631 1636 1629
1631 1637 1636
1638 1636 1637
1638 1639 1636
1640 1634 1635
1640 1635 1641
1640 1641 1642
1640 1642 1643
1643 1642 1644
1645 1639 1638
1645 1646 1639
1647 1646 1645
1647 1645 1648
1649 1650 1651
1650 1652 1651
1650 1653 1652
1654 1655 1656
1654 1656 1657
1657 1656 1658
1657 1658 1659
1660 1661 1662
1660 1662 1663
1664 1665 1666
1664 1666 1667
1664 1667 1668
1668 1667 1669
1668 1669 1670
1671 1670 1669
1672 1670 1671
1672 1671 1673
1674 1672 1673
1674 1673 1675
1676 1677 1678
1676 1678 1679
1680 1681 1682
1680 1682 1683
1680 1683 1684
1685 1686 1687
1688 1687 1686
1688 1689 1687
1690 1689 1688
1690 1691 1689
1691 1690 1692
1691 1692 1693
1694 1693 1692
1695 1696 1697
1696 1698 1697
1696 1699 1698
1699 1700 1698
1696 1701 1699
1696 1702 1701
1701 1702 1703
1701 1703 1704
1704 1703 1705
1706 1707 1708
1706 1709 1707
1710 1707 1709
1710 1709 1711
1712 1713 1714
1712 1714 1715
1716 1717 1718
1717 1716 1719
1719 1716 1720
1721 1722 1723
1721 1723 1724
1725 1724 1723
1725 1723 1726
1727 1728 1729
1727 1730 1728
1730 1731 1728
1732 1733 1734
1732 1734 1735
1736 1737 1738
1739 1738 1737
1739 1740 1738
1741 1742 1743
1741 1744 1742
1741 1745 1744
1746 1745 1741
1747 1745 1746
1748 1747 1746
1748 1749 1747
1749 1748 1750
1749 1750 1751
1750 1752 1751
1750 1489 1752
1752 1489 1753
1753 1754 1752
1753 1489 1487
1753 1755 1754
1753 1487 1756
1755 1757 1754
1754 1757 1758
1755 1759 1757
1757 1760 1758
1761 1757 1759
1757 1762 1760
1761 1759 1763
1764 1760 1762
1764 1765 1760
1766 1761 1763
1766 1763 1767
1766 1767 1768
1766 1768 1769
1770 1769 1768
1770 1771 1769
1772 1771 1770
1764 1773 1765
1764 1774 1773
1773 1774 1775
1773 1775 1776
1777 1778 1779
1777 1780 1778
1781 1778 1780
1781 1782 1778
1783 1782 1781
1784 1785 1786
1784 1786 1787
1788 1789 1790
1791 1790 1789
1791 1792 1790
1792 1791 1793
1791 1794 1793
1795 1793 1794
1795 1796 1793
1797 1796 1795
1798 1799 1800
1798 1800 1801
1802 1803 1804
1802 1804 1805
1802 1805 1806
1807 1806 1805
1807 1805 1808
1809 1807 1808
1809 1808 1810
1809 1810 1811
1809 1811 1812
1811 1813 1812
1811 1814 1813
1815 1816 1817
1815 1817 1818
1819 1815 1818
1819 1818 1820
1821 1822 1823
1821 1823 1824
1825 1826 1827
1828 1827 1826
1828 1826 1829
1828 1829 1830
1828 1830 1831
1830 1832 1831
1830 1833 1832
1834 1832 1833
1835 1836 1837
1835 1838 1836
1838 1839 1836
1840 1841 1842
1842 1841 1843
1843 1844 1842
1843 1845 1844
1846 1847 1848
1848 1847 1849
1848 1849 1850
1851 1850 1849
1851 1852 1850
1852 1851 1853
1852 1853 1854
1855 1854 1853
1856 1857 1858
1858 1857 1859
1858 1859 1860
1860 1859 1861
1860 1861 1862
1862 1861 1863
1864 1865 1866
1864 1867 1865
1864 1868 1867
1864 1869 1868
1870 1868 1869
1871 1868 1870
1872 1873 1874
1872 1874 1875
1876 1877 1878
1877 1879 1878
1877 1880 1879
1881 1879 1880
1881 1880 1882
1883 1881 1882
1883 1882 1884
1885 1883 1884
1885 1884 1886
1887 1885 1886
1888 1889 1890
1891 1889 1888
1891 1892 1889
1893 1892 1891
1893 1891 1894
1894 1895 1893
1894 1896 1895
1896 1897 1895
1896 1898 1897
1547 1897 1898
1547 1898 1899
1900 1547 1899
1547 1900 1540
1900 1541 1540
1900 1901 1541
1902 1541 1901
1902 1901 1903
1904 1902 1903
1904 1903 1905
1903 1906 1905
1903 1907 1906
1903 1901 1907
1908 1907 1901
1908 1901 1900
1909 1908 1900
1909 1900 1899
1910 1909 1899
1910 1899 1911
1912 1910 1911
1912 1911 1913
1914 1910 1912
1912 1913 1915
1916 1914 1912
1912 1915 1917
1912 1917 1916
1918 1917 1915
1915 1919 1918
1919 1920 1918
1919 1921 1920
1921 1922 1920
1921 1923 1922
1922 1923 1924
1925 1917 1918
1916 1917 1925
1926 1925 1918
1923 1927 1924
1927 1928 1924
1927 1923 1929
1927 1929 1930
1931 1930 1929
1916 1925 1932
1926 1933 1925
1932 1925 1933
1934 1916 1932
1916 1934 1914
1914 1934 1935
1935 1934 1936
1934 1932 1936
1935 1936 1937
1936 1938 1937
1936 1932 1939
1932 1933 1939
1940 1933 1926
1926 1941 1940
1940 1942 1933
1942 1939 1933
1943 1942 1940
1938 1942 1943
1936 1944 1938
1936 1939 1944
1938 1944 1942
1942 1944 1939
1945 1946 1947
1945 1948 1946
1945 1949 1948
1948 1949 1950
1950 1949 1951
1950 1951 1952
1951 1953 1952
1951 1954 1953
1954 1955 1953
1954 1956 1955
1956 1957 1955
1958 1959 1960
1959 1961 1960
1959 1962 1961
1963 1964 1965
1963 1965 1966
1967 1968 1969
1970 1967 1969
1970 1969 1544
1970 1544 1533
1971 1970 1533
1971 1533 1972
1533 1525 1972
1971 1972 1973
1973 1972 1525
1971 1973 1974
1973 1525 1975
1975 1525 1976
1975 1976 1977
1975 1977 1978
1979 1975 1978
1980 1975 1979
1981 1982 1983
1982 1984 1983
1985 1986 1987
1985 1987 1988
1989 1985 1988
1990 1991 1992
1990 1992 1993
1994 1995 1996
1994 1996 1997
1997 1998 1994
1997 1999 1998
1998 1999 2000
2001 2002 2003
2001 2004 2002
2005 2002 2004
2005 2004 2006
2005 2006 2007
2005 2007 2008
2008 2007 2009
2008 2009 2010
2011 2012 2013
2011 2014 2012
2015 2014 2011
2016 2015 2011
2016 2017 2015
2018 2017 2016
2018 2019 2017
2020 2021 2022
2020 2022 2023
2020 2023 2024
2025 2020 2024
2025 2024 2026
2025 2026 2027
2025 2027 2028
2029 2030 2031
2029 2031 2032
2033 2034 2035
2033 2036 2034
2037 2036 2033
2037 2038 2036
2039 2038 2037
2039 2040 2038
2041 2042 2043
2042 2044 2043
2042 2045 2044
2045 2046 2044
2045 2047 2046
2047 2048 2046
2047 2049 2048
2050 2048 2049
2047 2045 2051
2052 2051 2045
2053 2051 2052
2053 2052 2054
2053 2054 2055
2053 2055 2056
2057 2058 2059
2057 2059 2060
2057 2060 2061
2060 2062 2061
2060 2059 2063
2060 2063 2064
2063 2065 2064
2066 2065 2063
2066 2067 2065
2068 2067 2066
2069 2067 2068
2070 2068 2066
2070 2066 2071
2070 2071 2072
2070 2072 2073
2074 2075 2076
2074 2076 2077
2076 2078 2077
2076 2079 2078
2080 2078 2079
2080 2079 2081
2082 2080 2081
2082 2081 2083
2083 2084 2082
2083 2085 2084
2086 2084 2085
2087 2086 2085
2088 2087 2085
2088 2085 2089
2090 2088 2089
2090 2089 2091
2092 2090 2091
2092 2091 2093
2091 2094 2093
2093 2094 2095
2096 2092 2093
2093 2095 2096
2096 2097 2092
2095 2098 2096
2099 2097 2096
2099 2096 2098
2087 2100 2086
2100 2101 2086
2102 2100 2087
2102 2087 2103
2104 2103 2087
2102 2103 2105
2103 2106 2105
2103 2107 2106
2108 2106 2107
2108 2109 2106
2104 2110 2103
2104 2111 2110
2112 2109 2108
2112 2113 2109
2114 2113 2112
2114 2112 2115
2116 2114 2115
2117 2110 2111
2117 2118 2110
2119 2118 2117
2119 2117 2120
2121 2119 2120
2121 2122 2119
2123 2124 2125
2126 2125 2124
2126 2124 2127
2128 2126 2127
2128 2127 2129
2129 2130 2128
2129 2131 2130
2132 2130 2131
2132 2131 2133
2134 2132 2133
2135 2136 2137
2136 2138 2137
2136 2139 2138
2139 2140 2138
2139 2141 2140
2140 2141 2142
2140 2142 2143
2143 2142 2144
2145 2140 2143
2145 2143 2144
2146 2138 2140
2145 2146 2140
2145 2144 2147
2147 2144 2148
2147 2148 2149
2149 2148 2150
2149 2150 2151
2151 2150 2152
2151 2152 2153
2153 2152 2154
2155 2145 2147
2155 2147 2156
2156 2147 2149
2145 2155 2157
2145 2157 2146
2158 2149 2151
2156 2149 2158
2159 2156 2158
2158 2151 2160
2160 2151 2153
2156 2159 2161
2156 2161 2162
2163 2162 2161
2163 2161 2164
2163 2164 2165
2163 2165 2166
2167 2166 2165
2168 2163 2166
2167 2169 2166
2169 2168 2166
2167 2170 2169
2169 2171 2168
2172 2168 2171
2171 2173 2172
2174 2173 2171
2174 2171 2175
2173 2176 2172
2176 2173 2177
2176 2178 2172
2176 2179 2178
2180 2178 2179
2181 2182 2183
2184 2181 2183
2184 2185 2181
2184 2186 2185
2181 2185 2187
2188 2189 2190
2189 2191 2190
2189 2192 2191
2192 2193 2191
2192 2194 2193
2195 2193 2194
2196 2197 2198
2196 2198 2199
2200 2201 2202
2200 2202 2203
2204 2205 2206
2204 2206 2207
2208 2209 2210
2208 2210 2211
2212 2208 2211
2212 2211 2213
2214 2212 2213
2214 2213 2215
2216 2214 2215
2216 2215 2217
2218 2216 2217
2218 2217 2219
2220 2218 2219
2220 2219 2221
2222 2220 2221
2222 2221 2223
2224 2222 2223
2224 2223 2225
2225 2226 2224
2225 2227 2226
2226 2227 2228
2226 2228 2229
2230 2231 2232
2230 2233 2231
2234 2233 2230
2234 2235 2233
2236 2235 2234
2236 2237 2235
2238 2237 2236
2238 2239 2237
2240 2239 2238
2240 2241 2239
2242 2241 2240
2243 2242 2240
2242 2244 2241
2243 2245 2242
2243 2246 2245
2247 2245 2246
2247 2248 2245
2244 2242 2249
2244 2249 2250
2251 2250 2249
2251 2249 2252
2253 2248 2247
2253 2254 2248
2253 2255 2254
2253 2256 2255
2256 2257 2255
2258 2251 2252
2258 2252 2259
2260 2258 2259
2260 2261 2258
2262 2263 2264
2264 2263 2265
2264 2265 2266
2267 2268 2269
2267 2270 2268
2270 2271 2268
2270 2272 2271
2273 2274 2275
2273 2275 2276
2277 2278 2279
2277 2280 2278
2277 2281 2280
2281 2282 2280
2281 2283 2282
2284 2282 2283
2285 2284 2283
2285 2286 2284
2287 2286 2285
2287 2288 2286
2289 2290 2291
2289 2291 2292
2293 2294 2295
2293 2296 2294
2293 2297 2296
2298 2299 2300
2301 2300 2299
2301 2299 2302
2303 2301 2302
2303 2302 2304
2304 2305 2303
2304 2306 2305
2307 2305 2306
2308 2309 2310
2311 2310 2309
2311 2312 2310
2312 2311 2313
2310 2312 2314
2310 2314 2315
2314 2316 2315
2314 2317 2316
2317 2318 2316
2319 2320 2321
2319 2322 2320
2323 2322 2319
2323 2324 2322
2325 2326 2327
2325 2327 2328
2329 2330 2331
2331 2332 2329
2332 2333 2329
2334 2335 2336
2334 2337 2335
2338 2335 2337
2338 2339 2335
2340 2341 2342
2340 2342 2343
2343 2342 2344
2345 2346 2347
2345 2347 2348
2349 2350 2351
2352 2351 2350
2352 2350 2353
2354 2355 2356
2354 2356 2357
2354 2357 2358
2359 2354 2358
2360 2359 2358
2361 2359 2360
2361 2360 2362
2362 2363 2361
2362 2364 2363
2363 2364 2365
2363 2365 2102
2365 2366 2102
2366 2365 2367
2366 2100 2102
2366 2367 2368
2366 2369 2100
2368 2367 2370
2367 2371 2370
2368 2370 2372
2370 2371 2373
2374 2372 2370
2370 2373 2375
2374 2376 2372
2377 2375 2373
2377 2373 2378
2379 2376 2374
2379 2380 2376
2379 2381 2380
2379 2382 2381
2383 2381 2382
2383 2382 2384
2385 2383 2384
2377 2378 2386
2377 2386 2387
2386 2388 2387
2386 2389 2388
2390 2391 2392
2390 2392 2393
2394 2393 2392
2394 2392 2395
2396 2394 2395
2397 2398 2399
2397 2399 2400
2401 2402 2403
2404 2403 2402
2404 2402 2405
2405 2406 2404
2404 2406 2407
2408 2407 2406
2408 2406 2409
2410 2408 2409
2411 2412 2413
2411 2414 2412
2415 2416 2417
2415 2418 2416
2415 2419 2418
2420 2418 2419
2420 2421 2418
2422 2421 2420
2422 2423 2421
2422 2424 2423
2422 2425 2424
2424 2425 2426
2424 2426 2427
2428 2429 2430
2428 2431 2429
2432 2431 2428
2432 2433 2431
2434 2435 2436
2434 2436 2437
2438 2439 2440
2441 2440 2439
2441 2442 2440
2441 2443 2442
2441 2444 2443
2443 2444 2445
2443 2445 2446
2447 2446 2445
2448 2449 2450
2448 2450 2451
2451 2450 2452
2453 2454 2455
2454 2456 2455
2456 2454 2457
2456 2457 2458
2459 2460 2461
2460 2462 2461
2460 2463 2462
2464 2462 2463
2464 2463 2465
2465 2466 2464
2465 2467 2466
2468 2466 2467
2469 2470 2471
2470 2472 2471
2470 2473 2472
2473 2474 2472
2473 2475 2474
2475 2476 2474
2477 2478 2479
2477 2479 2480
2477 2480 2481
2477 2481 2482
2483 2482 2481
2484 2483 2481
2485 2486 2487
2485 2487 2488
2489 2490 2491
2491 2490 2492
2491 2492 2493
2494 2493 2492
2494 2495 2493
2496 2495 2494
2496 2497 2495
2498 2497 2496
2498 2499 2497
2500 2499 2498
2501 2502 2503
2504 2501 2503
2504 2503 2505
2506 2504 2505
2506 2507 2504
2507 2506 2508
2507 2508 2509
2509 2508 2510
2509 2510 2511
2160 2511 2510
2160 2512 2511
2513 2512 2160
2160 2153 2513
2513 2153 2154
2513 2154 2514
2515 2514 2154
2515 2516 2514
2517 2516 2515
2517 2518 2516
2516 2518 2519
2516 2519 2520
2516 2520 2514
2521 2514 2520
2521 2513 2514
2522 2513 2521
2522 2512 2513
2523 2512 2522
2523 2524 2512
2525 2524 2523
2525 2526 2524
2527 2525 2523
2525 2528 2526
2529 2525 2527
2525 2530 2528
2525 2529 2530
2531 2528 2530
2528 2531 2532
2532 2531 2533
2532 2533 2534
2534 2533 2535
2534 2535 2536
2535 2537 2536
2538 2531 2530
2529 2538 2530
2539 2531 2538
2536 2537 2540
2540 2537 2541
2540 2542 2536
2540 2543 2542
2544 2542 2543
2529 2545 2538
2539 2538 2546
2545 2546 2538
2547 2545 2529
2529 2527 2547
2527 2548 2547
2548 2549 2547
2547 2549 2545
2548 2550 2549
2549 2550 2551
2549 2552 2545
2545 2552 2546
2546 2553 2539
2539 2553 2554
2546 2555 2553
2555 2546 2552
2556 2553 2555
2551 2556 2555
2549 2551 2557
2549 2557 2552
2551 2555 2557
2555 2552 2557
2558 2559 2560
2558 2560 2561
2558 2561 2562
2561 2563 2562
2563 2564 2562
2563 2565 2564
2564 2565 2566
2564 2566 2567
2567 2566 2568
2567 2568 2569
2569 2568 2570
2571 2572 2573
2573 2572 2574
2573 2574 2575
2576 2577 2578
2576 2578 2579
2580 2581 2582
2583 2581 2580
2583 2157 2581
2583 2146 2157
2146 2583 2584
2146 2584 2585
2146 2585 2138
2584 2586 2585
2586 2138 2585
2584 2587 2586
2586 2588 2138
2588 2589 2138
2588 2590 2589
2588 2591 2590
2592 2591 2588
2593 2592 2588
2594 2595 2596
2596 2595 2597
2598 2599 2600
2598 2601 2599
2602 2601 2598
2603 2604 2605
2603 2605 2606
2607 2608 2609
2607 2610 2608
2610 2607 2611
2610 2611 2612
2611 2613 2612
2614 2615 2616
2614 2617 2615
2618 2617 2614
2618 2619 2617
2618 2620 2619
2618 2621 2620
2621 2622 2620
2621 2623 2622
2624 2625 2626
2624 2626 2627
2628 2624 2627
2629 2624 2628
2629 2628 2630
2631 2629 2630
2631 2630 2632
2633 2634 2635
2633 2636 2634
2633 2637 2636
2638 2637 2633
2638 2639 2637
2638 2640 2639
2638 2641 2640
2642 2643 2644
2642 2644 2645
2646 2647 2648
2646 2648 2649
2650 2646 2649
2650 2649 2651
2651 2652 2650
2651 2653 2652
2654 2655 2656
2654 2656 2657
2658 2657 2656
2658 2659 2657
2658 2660 2659
2658 2661 2660
2662 2657 2659
2662 2663 2657
2664 2658 2656
2658 2664 2665
2664 2656 2666
2656 2667 2666
2668 2664 2666
2668 2666 2669
2668 2669 2670
2671 2663 2662
2671 2672 2663
2671 2662 2673
2673 2662 2674
2675 2671 2673
2675 2673 2676
2675 2676 2677
2678 2679 2680
2678 2681 2679
2682 2681 2678
2682 2683 2681
2684 2683 2682
2684 2685 2683
2686 2687 2688
2686 2688 2689
2690 2691 2692
2690 2693 2691
2694 2693 2690
2694 2695 2693
2696 2695 2694
2696 2697 2695
2698 2699 2700
2698 2700 2701
2701 2700 2702
2701 2702 2703
2704 2705 2706
2704 2706 2707
2708 2709 2710
2708 2710 2711
2712 2713 2714
2712 2714 2715
2716 2717 2718
2716 2718 2719
2720 2716 2719
2720 2719 2721
2722 2720 2721
2722 2721 2723
2724 2725 2726
2724 2726 2727
2728 2729 2730
2728 2730 2731
2732 2728 2731
2732 2731 2733
2734 2732 2733
2734 2733 2735
2736 2737 2738
2736 2739 2737
2739 2740 2737
2739 2741 2740
2742 2743 2744
2742 2744 2745
2746 2747 2748
2746 2748 2749
2750 2751 2752
2750 2752 2753
2754 2755 2756
2757 2756 2755
2757 2755 2758
2757 2758 2759
2759 2758 2760
2757 2759 2761
2757 2761 2762
2763 2761 2759
2761 2763 2764
2761 2764 2765
2763 2759 2766
2767 2763 2766
2766 2759 2768
2769 2768 2759
2767 2766 2770
2771 2767 2770
2767 2771 2772
2767 2772 2773
2771 2770 2774
2771 2774 2775
2774 2770 2776
2776 2770 2777
2778 2779 2780
2778 2781 2779
2778 2782 2781
2778 2783 2782
2783 2784 2782
2783 2785 2784
2786 2784 2785
2786 2787 2784
2788 2787 2786
2788 2789 2787
2790 2789 2788
2790 2791 2789
2790 2792 2791
2792 2793 2791
2792 2794 2793
2794 2795 2793
2794 2796 2795
2797 2795 2796
2797 2796 2798
2797 2798 2799
2797 2799 2800
2800 2799 2801
2800 2801 2802
2803 2802 2801
2803 2801 2804
2792 2790 2805
2805 2790 2806
2792 2805 2807
2808 2807 2805
2808 2809 2807
2810 2811 2812
2810 2813 2811
2814 2811 2813
2814 2815 2811
2816 2815 2814
2816 2817 2815
2816 2818 2817
2816 2819 2818
2820 2818 2819
2820 2819 2821
2822 2820 2821
2823 2820 2822
2824 2823 2822
2820 2823 2825
2825 2826 2820
2825 2823 2827
2827 2823 2828
2824 2829 2823
2829 2824 2830
2829 2830 2831
2831 2830 2832
2831 2832 2833
2834 2833 2832
2834 2832 2835
2836 2834 2835
2836 2835 2837
2836 2837 2838
2836 2838 2839
2840 2841 2842
2840 2842 2843
2840 2843 2844
2840 2844 2845
2845 2844 2846
2845 2846 2847
2848 2847 2846
2848 2849 2847
2848 2850 2849
2848 2851 2850
2848 2852 2851
2848 2853 2852
2854 2852 2853
2854 2853 2855
2854 2855 2856
2856 2855 2857
2856 2857 2858
2859 2860 2861
2862 2860 2859
2863 2862 2859
2863 2864 2862
2863 2865 2864
2863 2866 2865
2865 2866 2867
2867 2866 2868
2869 2870 2871
2869 2871 2872
2873 2869 2872
2873 2872 2874
2873 2874 2875
2876 2875 2874
2876 2877 2875
2876 2878 2877
2876 2879 2878
2876 2880 2879
2876 2881 2880
2882 2880 2881
2882 2881 2883
2884 2882 2883
2884 2883 2885
2884 2885 2886
2884 2886 2887
2888 2889 2890
2891 2888 2890
2891 2890 2892
2891 2892 2893
2891 2893 2894
2894 2893 2895
2894 2895 2896
2896 2895 2897
2896 2897 2898
2897 2899 2898
2900 2901 2902
2903 2900 2902
2903 2902 2904
2905 2903 2904
2905 2906 2903
2907 2906 2905
2907 2908 2906
2908 2907 2909
2910 2911 2912
2911 2913 2912
2911 2914 2913
2912 2913 2915
2914 2916 2913
2915 2913 2917
2913 2916 2918
2918 2919 2913
2920 2918 2916
2919 2921 2913
2913 2921 2917
2922 2917 2921
2922 2923 2917
2922 2924 2923
2925 2920 2916
2925 2926 2920
2925 2927 2926
2928 2927 2925
2929 2923 2924
2929 2924 2930
2928 2931 2927
2929 2930 2932
2928 2933 2931
2929 2932 2934
2935 2931 2933
2935 2933 2936
2935 2937 2931
2937 2935 2938
2937 2938 2939
2940 2938 2935
2938 2941 2939
2942 2941 2938
2942 2943 2941
2942 2944 2943
2932 2945 2934
2934 2945 2946
2947 2945 2932
2947 2948 2945
2947 2949 2948
2950 2948 2949
2951 2948 2950
2948 2952 2945
2951 2944 2953
2951 2953 2948
2948 2954 2952
2953 2954 2948
2952 2954 2955
2956 2952 2955
2957 2956 2955
2953 2958 2954
2959 2953 2944
2959 2944 2942
2960 2958 2953
2959 2960 2953
2960 2961 2958
2962 2961 2960
2962 2963 2961
2964 2960 2959
2960 2964 2962
2965 2963 2962
2964 2965 2962
2965 2966 2963
2967 2966 2965
2967 2965 2968
2964 2968 2965
2969 2967 2968
2959 2970 2964
2964 2970 2968
2969 2968 2970
2959 2942 2970
2971 2969 2970
2971 2970 2942
2972 2971 2942
2972 2942 2938
2973 2972 2938
2973 2938 2940
2940 2974 2973
2975 2976 2977
2976 2978 2977
2979 2977 2978
2979 2978 2980
2979 2980 2981
2979 2981 2982
2982 2981 2983
2982 2983 2984
2985 2986 2987
2987 2988 2985
2985 2988 2989
2985 2989 2990
2991 2990 2989
2988 2992 2989
2992 2991 2989
2992 2993 2991
2988 2994 2992
2993 2992 2995
2994 2996 2992
2995 2992 2996
2994 2997 2996
2996 2997 2998
2995 2996 2999
2996 2998 2999
2995 2999 3000
3001 3000 2999
2998 3001 2999
2998 3002 3001
3001 3002 3003
3001 3003 3004
3005 3001 3004
3004 3003 3006
3004 3007 3005
3004 3006 3008
3004 3008 3007
3008 3006 3009
3008 3010 3007
3008 3009 3010
3007 3010 3011
3010 3009 3012
3013 3011 3010
3010 3012 3014
3013 3010 3014
3014 3012 3015
3016 3013 3014
3014 3015 3017
3014 3017 3016
3018 3019 3020
3018 3020 3021
3018 3021 3022
3018 3022 3023
3023 3022 3024
3023 3024 3025
3026 3025 3024
3026 3024 3027
3028 3026 3027
3028 3027 3029
3030 3028 3029
3030 3029 3031
3030 3031 3032
3032 3031 3033
3032 3033 3034
3034 3033 3035
3034 3035 3036
3037 3036 3035
3037 3038 3036
3037 3039 3038
3037 3040 3039
3040 3041 3039
3040 3042 3041
3043 3041 3042
3043 3044 3041
3032 3045 3030
3045 3046 3030
3032 3047 3045
3048 3045 3047
3048 3047 3049
3050 3051 3052
3050 3052 3053
3054 3053 3052
3054 3052 3055
3056 3054 3055
3056 3055 3057
3056 3057 3058
3056 3058 3059
3060 3059 3058
3060 3061 3059
3062 3061 3060
3063 3062 3060
3064 3062 3063
3060 3065 3063
3065 3060 3066
3065 3067 3063
3067 3068 3063
3064 3063 3069
3069 3070 3064
3069 3071 3070
3071 3072 3070
3071 3073 3072
3074 3072 3073
3074 3075 3072
3076 3075 3074
3076 3077 3075
3076 3078 3077
3076 3079 3078
3080 3081 3082
3080 3083 3081
3080 3084 3083
3080 3085 3084
3085 3086 3084
3085 3087 3086
3088 3086 3087
3088 3087 3089
3088 3089 3090
3088 3090 3091
3088 3091 3092
3088 3092 3093
3094 3093 3092
3094 3095 3093
3094 3096 3095
3096 3097 3095
3096 3098 3097
3099 3100 3101
3102 3099 3101
3103 3099 3102
3103 3102 3104
3103 3104 3105
3103 3105 3106
3105 3107 3106
3107 3108 3106
3109 3110 3111
3109 3112 3110
3113 3112 3109
3113 3114 3112
3113 3115 3114
3116 3114 3115
3116 3115 3117
3116 3117 3118
3116 3118 3119
3116 3119 3120
3116 3120 3121
3122 3121 3120
3122 3123 3121
3124 3123 3122
3124 3125 3123
3124 3126 3125
3124 3127 3126
3128 3129 3130
3131 3129 3128
3131 3132 3129
3131 3133 3132
3131 3134 3133
3134 3135 3133
3134 3136 3135
3136 3137 3135
3136 3138 3137
3137 3138 3139
3140 3141 3142
3143 3141 3140
3143 3144 3141
3145 3144 3143
3145 3143 3146
3147 3145 3146
3147 3146 3148
3148 3149 3147
3150 3151 3152
3152 3151 3153
3152 3153 3154
3151 3155 3153
3154 3153 3156
3155 3157 3153
3153 3158 3156
3158 3153 3159
3160 3156 3158
3159 3153 3161
3153 3157 3161
3162 3161 3157
3162 3157 3163
3162 3163 3164
3165 3156 3160
3165 3160 3166
3165 3166 3167
3168 3165 3167
3169 3164 3163
3169 3170 3164
3171 3168 3167
3169 3172 3170
3171 3173 3168
3169 3174 3172
3175 3173 3171
3175 3176 3173
3175 3171 3177
3178 3175 3177
3178 3177 3179
3180 3175 3178
3178 3179 3181
3182 3178 3181
3182 3181 3183
3182 3183 3184
3172 3174 3185
3174 3186 3185
3187 3172 3185
3188 3187 3185
3188 3189 3187
3190 3189 3188
3191 3190 3188
3188 3185 3192
3191 3193 3184
3191 3188 3193
3188 3192 3194
3193 3188 3194
3192 3195 3194
3196 3195 3192
3197 3195 3196
3193 3194 3198
3199 3184 3193
3199 3182 3184
3200 3193 3198
3199 3193 3200
3200 3198 3201
3202 3200 3201
3202 3201 3203
3204 3199 3200
3200 3202 3204
3205 3202 3203
3204 3202 3205
3205 3203 3206
3207 3205 3206
3207 3208 3205
3204 3205 3208
3209 3208 3207
3199 3204 3210
3204 3208 3210
3209 3210 3208
3199 3210 3182
3211 3210 3209
3211 3182 3210
3212 3182 3211
3212 3178 3182
3213 3178 3212
3213 3180 3178
3180 3213 3214
3215 3216 3217
3217 3216 3218
3219 3218 3216
3219 3220 3218
3219 3221 3220
3219 3222 3221
3222 3223 3221
3222 3224 3223
3225 3226 3227
3226 3225 3228
3225 3229 3228
3225 3230 3229
3231 3229 3230
3228 3229 3232
3232 3229 3231
3232 3231 3233
3228 3232 3234
3233 3235 3232
3234 3232 3236
3235 3236 3232
3234 3236 3237
3236 3238 3237
3235 3239 3236
3236 3239 3238
3235 3240 3239
3241 3239 3240
3238 3239 3241
3238 3241 3242
3241 3243 3242
3241 3244 3243
3245 3244 3241
3244 3246 3243
3244 3245 3247
3244 3248 3246
3244 3247 3248
3248 3249 3246
3248 3247 3250
3248 3250 3249
3247 3251 3250
3250 3252 3249
3253 3250 3251
3250 3254 3252
3253 3254 3250
3254 3255 3252
3256 3254 3253
3254 3257 3255
3254 3256 3257
3258 3259 3260
3258 3260 3261
3262 3261 3260
3258 3261 3263
3263 3264 3258
3263 3265 3264
3266 3265 3263
3266 3267 3265
3262 3268 3261
3269 3268 3262
3261 3270 3263
3266 3263 3270
3261 3271 3270
3268 3271 3261
3268 3272 3271
3266 3270 3273
3269 3274 3268
3272 3268 3274
3274 3269 3275
3272 3274 3276
3274 3275 3277
3274 3277 3276
3267 3266 3278
3267 3278 3279
3280 3266 3273
3280 3278 3266
3280 3273 3281
3280 3282 3278
3279 3278 3283
3283 3278 3282
3279 3283 3284
3283 3282 3285
3284 3283 3286
3285 3286 3283
3287 3288 3289
3290 3287 3289
3290 3291 3287
3292 3291 3290
3292 3293 3291
3294 3293 3292
3294 3295 3293
3295 3294 3296
3295 3296 3297
3298 3299 3300
3298 3300 3301
3302 3303 3304
3302 3304 3305
3306 3307 3308
3308 3307 3309
3308 3309 3310
3309 3311 3310
3309 3312 3311
3313 3311 3312
3313 3312 3314
3315 3316 3317
3315 3318 3316
3315 3319 3318
3315 3320 3319
3319 3320 3321
3319 3321 3322
3322 3321 3323
3322 3323 3324
3325 3324 3323
3325 3326 3324
3326 3325 3327
3326 3327 3328
3329 3328 3327
3330 3331 3332
3330 3332 3333
3334 3333 3332
3335 3336 3337
3335 3338 3336
3339 3338 3335
3338 3340 3336
3339 3341 3338
3338 3341 3340
3339 3342 3341
3343 3341 3342
3341 3344 3340
3343 3345 3341
3341 3345 3344
3346 3345 3343
3347 3344 3345
3346 3347 3345
3347 3348 3344
3349 3347 3346
3350 3348 3347
3350 3351 3348
3350 3352 3351
3349 3353 3347
3350 3347 3353
3349 3354 3353
3350 3353 3354
3349 3355 3354
3350 3354 3356
3354 3355 3357
3356 3354 3358
3354 3357 3358
3356 3358 3359
3358 3357 3360
3359 3358 3360
3361 3362 3363
3363 3364 3361
3363 3365 3364
3365 3366 3364
3365 3367 3366
3368 3366 3367
3368 3367 3369
3370 3368 3369
3370 3369 3371
3371 3372 3370
3371 3373 3372
3372 3373 3374
3372 3374 3375
3376 3375 3374
3376 3374 3377
3378 3379 3380
3378 3380 3381
3382 3383 3384
3382 3385 3383
3386 3383 3385
3386 3385 3387
3386 3387 3388
3386 3388 3389
3390 3389 3388
3390 3388 3391
3392 3390 3391
3392 3391 3393
3393 3394 3392
3393 3395 3394
3396 3394 3395
3397 3398 3399
3397 3400 3398
3401 3398 3400
3402 3403 3404
3402 3404 3405
3405 3404 3406
3405 3406 3407
3408 3407 3406
3408 3409 3407
3410 3409 3408
3411 3405 3407
3411 3412 3405
3411 3407 3413
3413 3407 3409
3414 3405 3412
3414 3415 3405
3402 3405 3415
3415 3414 3416
3409 3417 3413
3413 3417 3418
3418 3417 3419
3417 3409 3420
3410 3420 3409
3417 3420 3421
3410 3422 3420
3421 3420 3422
3410 3423 3422
3421 3422 3424
3425 3422 3423
3426 3424 3422
3425 3426 3422
3426 3427 3424
3426 3425 3428
3427 3426 3428
3416 3429 3430
3431 3430 3429
3416 3430 3432
3415 3416 3432
3432 3433 3415
3402 3415 3433
3433 3434 3402
3433 3435 3434
3432 3436 3433
3436 3432 3430
3436 3430 3437
3438 3437 3430
3431 3439 3430
3438 3430 3439
3439 3431 3440
3438 3439 3440
3441 3442 3443
3443 3442 3444
3443 3444 3445
3445 3444 3446
3445 3446 3447
3448 3447 3446
3448 3446 3449
3450 3448 3449
3450 3449 3451
3452 3453 3454
3452 3454 3455
3454 3456 3455
3457 3458 3459
3457 3459 3460
3461 3462 3463
3461 3463 3464
3465 3461 3464
3466 3467 3468
3466 3469 3467
3469 3470 3467
3469 3471 3470
3471 3472 3470
3471 3473 3472
3474 3472 3473
3474 3475 3472
3475 3474 3476
3475 3476 3477
3478 3479 3480
3478 3481 3479
3482 3479 3481
3482 3481 3483
3484 3482 3483
3484 3483 3485
3484 3485 3486
3484 3486 3487
3486 3488 3487
3486 3489 3488
3489 3490 3488
3489 3491 3490
3490 3491 3492
3493 3494 3495
3495 3494 3496
3495 3496 3497
3496 3498 3497
3496 3499 3498
3500 3501 3502
3500 3502 3503
3504 3505 3506
3504 3506 3507
3504 3507 3508
3509 3504 3508
3509 3508 3510
3509 3510 3511
3511 3510 3512
3512 3510 3513
3510 3514 3513
3510 3508 3514
3507 3514 3508
3507 3515 3514
3516 3515 3507
3517 3507 3506
3516 3507 3517
3517 3506 3518
3519 3516 3517
3520 3517 3518
3519 3517 3520
3520 3518 3521
3519 3520 3522
3520 3521 3522
3523 3524 3525
3526 3523 3525
3526 3525 3527
3526 3527 3528
3526 3528 3529
3529 3528 3530
3529 3530 3531
3532 3531 3530
3532 3530 3533
3533 3534 3532
3533 3535 3534
3536 3537 3538
3536 3538 3539
3540 3541 3542
3540 3543 3541
3543 3544 3541
3543 3545 3544
3546 3544 3545
3546 3545 3547
3548 3546 3547
3548 3549 3546
3550 3551 3552
3550 3552 3553
3552 3554 3553
3555 3556 3557
3555 3557 3558
3559 3560 3561
3559 3562 3560
3563 3560 3562
3559 3564 3562
3565 3564 3559
3565 3566 3564
3566 3567 3564
3566 3568 3567
3563 3562 3569
3570 3563 3569
3562 3564 3571
3571 3564 3567
3562 3571 3572
3569 3562 3572
3569 3572 3573
3571 3567 3574
3570 3569 3575
3573 3575 3569
3575 3576 3570
3573 3577 3575
3578 3576 3575
3578 3575 3577
3568 3579 3567
3568 3580 3579
3581 3574 3567
3581 3567 3579
3581 3582 3574
3581 3579 3583
3580 3584 3579
3583 3579 3584
3580 3585 3584
3583 3584 3586
3585 3587 3584
3586 3584 3587
3588 3589 3590
3591 3589 3588
3591 3588 3592
3593 3591 3592
3593 3592 3594
3595 3593 3594
3595 3594 3596
3596 3597 3595
3596 3598 3597
3599 3600 3601
3599 3601 3602
3603 3604 3605
3603 3605 3606
3607 3608 3609
3608 3610 3609
3608 3611 3610
3610 3611 3612
3610 3612 3613
3613 3612 3614
3613 3614 3615
3616 3617 3618
3616 3618 3619
3616 3619 3620
3616 3620 3621
3620 3622 3621
3620 3623 3622
3623 3624 3622
3623 3625 3624
3626 3624 3625
3626 3625 3627
3627 3628 3626
3627 3629 3628
3630 3628 3629
3631 3632 3633
3631 3634 3632
3635 3632 3634
3636 3637 3638
3636 3639 3637
3640 3639 3636
3641 3637 3639
3640 3642 3639
3641 3639 3642
3641 3642 3643
3644 3643 3642
3645 3642 3640
3644 3642 3646
3645 3646 3642
3647 3644 3646
3645 3648 3646
3647 3646 3648
3645 3649 3648
3650 3647 3648
3649 3651 3648
3649 3652 3651
3651 3652 3653
3650 3648 3654
3651 3654 3648
3650 3654 3655
3651 3655 3654
3650 3655 3656
3651 3657 3655
3655 3658 3656
3657 3659 3655
3655 3659 3658
3657 3660 3659
3659 3661 3658
3660 3661 3659
3662 3663 3664
3663 3662 3665
3663 3665 3666
3666 3665 3667
3666 3667 3668
3669 3668 3667
3669 3670 3668
3671 3670 3669
3671 3672 3670
3672 3671 3673
3672 3673 3674
3673 3675 3674
3673 3676 3675
3677 3675 3676
3677 3678 3675
3679 3680 3681
3679 3681 3682
3683 3684 3685
3683 3685 3686
3687 3686 3685
3687 3688 3686
3687 3689 3688
3687 3690 3689
3691 3689 3690
3691 3692 3689
3693 3692 3691
3693 3694 3692
3694 3693 3695
3694 3695 3696
3697 3696 3695
3698 3699 3700
3698 3700 3701
3702 3701 3700
3703 3704 3705
3703 3706 3704
3706 3707 3704
3706 3708 3707
3709 3707 3708
3709 3708 3710
3711 3709 3710
3712 3708 3706
3712 3706 3713
3712 3714 3708
3714 3710 3708
3715 3713 3706
3715 3706 3716
3703 3716 3706
3716 3717 3715
3710 3714 3718
3714 3719 3718
3719 3720 3718
3718 3721 3710
3711 3710 3721
3718 3722 3721
3723 3711 3721
3722 3723 3721
3723 3724 3711
3722 3725 3723
3726 3724 3723
3727 3723 3725
3726 3723 3727
3727 3725 3728
3727 3729 3726
3728 3729 3727
3730 3731 3732
3730 3703 3731
3703 3730 3716
3733 3716 3730
3733 3730 3734
3734 3735 3733
3716 3733 3717
3735 3717 3733
3734 3736 3735
3735 3737 3717
3738 3735 3736
3739 3737 3735
3738 3740 3735
3739 3735 3740
3738 3741 3740
3740 3741 3739
3742 3743 3744
3743 3745 3744
3743 3746 3745
3746 3747 3745
3746 3748 3747
3749 3747 3748
3749 3750 3747
3751 3750 3749
3751 3752 3750
3753 3754 3755
3753 3756 3754
3754 3756 3757
3758 3759 3760
3758 3760 3761
3762 3763 3764
3762 3765 3763
3766 3765 3762
3767 3768 3769
3767 3769 3770
3770 3769 3771
3770 3771 3772
3772 3771 3773
3772 3773 3774
3775 3774 3773
3775 3773 3776
3776 3777 3775
3776 3778 3777
3779 3780 3781
3779 3781 3782
3783 3782 3781
3783 3784 3782
3785 3784 3786
3785 3787 3784
3788 3789 3787
3788 3790 3789
3789 3790 3791
3789 3791 3792
3792 3791 3793
3792 3793 3794
3793 3795 3794
3796 3797 3798
3797 3799 3798
3797 3800 3799
3799 3800 3801
3799 3801 3802
3803 3804 3805
3803 3805 3806
3807 3808 3809
3807 3810 3808
3807 3811 3810
3812 3811 3807
3813 3811 3812
3813 3812 3814
3814 3815 3813
3815 3816 3813
3817 3813 3816
3817 3811 3813
3810 3811 3817
3810 3817 3818
3819 3810 3818
3808 3810 3820
3819 3820 3810
3808 3820 3821
3822 3820 3819
3821 3820 3823
3822 3823 3820
3821 3823 3824
3822 3825 3823
3823 3825 3824
3826 3827 3828
3829 3827 3826
3829 3830 3827
3829 3831 3830
3829 3832 3831
3832 3833 3831
3832 3834 3833
3835 3833 3834
3835 3836 3833
3836 3835 3837
3836 3837 3838
3839 3840 3841
3839 3841 3842
3843 3844 3845
3843 3845 3846
3846 3845 3847
3846 3847 3848
3849 3848 3847
3849 3850 3848
3851 3850 3849
3851 3849 3852
3853 3854 3855
3853 3856 3854
3854 3856 3857
3858 3859 3860
3858 3860 3861
3862 3863 3864
3865 3862 3864
3865 3866 3862
3867 3866 3865
3867 3868 3866
3869 3868 3867
3870 3869 3867
3870 3867 3871
3872 3870 3871
3872 3871 3873
3874 3872 3873
3874 3875 3872
3876 3875 3874
3876 3874 3877
3878 3876 3877
3878 3877 3879
3880 3878 3879
3881 3882 3883
3881 3884 3882
3882 3884 3885
3882 3885 3886
3887 3886 3885
3887 3885 3888
3887 3888 3889
3887 3889 3890
3889 3891 3890
3889 3892 3891
3893 3891 3892
3893 3894 3891
3895 3894 3893
3895 3893 3896
3895 3896 3897
3895 3897 3898
3899 3898 3897
3899 3897 3900
3901 3902 3903
3901 3903 3904
3905 3906 3907
3905 3907 3908
3909 3910 3911
3909 3912 3910
3913 3910 3912
3913 3914 3910
3913 3915 3914
3913 3916 3915
3917 3915 3916
3917 3916 3918
3919 3920 3921
3919 3921 3922
3923 3922 3921
3923 3921 3924
3925 3923 3924
3925 3924 3926
3927 3925 3926
3927 3928 3925
3929 3930 3931
3932 3930 3929
3933 3932 3929
3932 3934 3930
3935 3932 3933
3935 3933 3936
3932 3937 3934
3935 3937 3932
3938 3935 3936
3939 3938 3936
3940 3938 3939
3941 3940 3939
3938 3942 3935
3937 3935 3942
3943 3940 3941
3944 3943 3941
3938 3945 3942
3940 3945 3938
3944 3946 3943
3947 3946 3944
3948 3946 3947
3948 3947 3949
3948 3949 3950
3951 3948 3950
3951 3950 3952
3953 3951 3952
3954 3951 3953
3954 3955 3951
3955 3948 3951
3954 3956 3955
3957 3955 3956
3957 3958 3955
3955 3959 3948
3958 3959 3955
3959 3946 3948
3958 3960 3959
3960 3946 3959
3960 3961 3946
3961 3943 3946
3961 3962 3943
3962 3963 3943
3943 3963 3940
3963 3964 3940
3963 3965 3964
3940 3964 3966
3940 3966 3945
3945 3966 3967
3967 3942 3945
3967 3968 3942
3969 3942 3968
3969 3937 3942
3970 3937 3969
3971 3966 3964
3934 3937 3970
3965 3972 3964
3972 3971 3964
3965 3973 3972
3974 3971 3972
3973 3975 3972
3975 3974 3972
3975 3934 3970
3975 3976 3974
3970 3976 3975
3973 3977 3975
3977 3934 3975
3977 3978 3934
3979 3980 3981
3982 3979 3981
3982 3983 3979
3984 3983 3982
3984 3982 3985
3986 3984 3985
3987 3988 3989
3987 3990 3988
3991 3988 3990
3991 3990 3992
3992 3993 3991
3992 3994 3993
3993 3994 3995
3993 3995 3996
3996 3995 3997
3996 3997 3998
3998 3997 3999
3998 3999 4000
3999 4001 4000
3999 4002 4001
4002 4003 4001
4002 4004 4003
4004 4005 4003
4004 4006 4005
4005 4006 4007
4005 4007 4008
4007 4009 4008
4007 4010 4009
4011 4012 4013
4014 4012 4011
4014 4011 4015
4016 4014 4015
4016 4015 4017
4018 4016 4017
4019 4016 4018
4019 4020 4016
4021 4020 4019
4021 4022 4020
4023 4022 4021
4023 4021 4024
4025 4023 4024
4025 4026 4023
4027 4026 4025
4027 4028 4026
4029 4028 4027
4030 4031 4032
4030 4032 4033
4032 4034 4033
4032 4035 4034
4036 4034 4035
4036 4037 4034
4036 4038 4037
4036 4039 4038
4038 4039 4040
4038 4040 4041
4042 4041 4040
4042 4040 4043
4044 4042 4043
4044 4045 4042
4044 4046 4045
4044 4047 4046
4048 4046 4047
4048 4049 4046
4050 4051 4052
4050 4052 4053
4054 4055 4056
4054 4056 4057
4058 4059 4060
4058 4060 4061
4062 4061 4060
4062 4060 4063
4062 4063 4064
4062 4064 4065
4066 4065 4064
4066 4067 4065
4068 4069 4070
4068 4071 4069
4072 4069 4071
4072 4073 4069
4074 4073 4072
4074 4075 4073
4076 4075 4074
4076 4074 4077
4078 4079 4080
4081 4078 4080
4082 4078 4081
4081 4080 4083
4084 4082 4081
4084 4085 4082
4081 4083 4086
4084 4081 4086
4087 4085 4084
4088 4085 4087
4089 4088 4087
4090 4088 4089
4087 4084 4091
4086 4091 4084
4092 4090 4089
4093 4090 4092
4087 4091 4094
4089 4087 4094
4093 4092 4095
4096 4093 4095
4097 4096 4095
4097 4098 4096
4097 4099 4098
4100 4099 4097
4100 4101 4099
4102 4101 4100
4103 4102 4100
4103 4100 4104
4104 4100 4097
4103 4104 4105
4106 4105 4104
4106 4104 4107
4104 4097 4108
4107 4104 4108
4108 4097 4095
4107 4108 4109
4109 4108 4095
4109 4095 4110
4110 4095 4092
4110 4092 4111
4111 4092 4112
4092 4089 4112
4112 4089 4113
4112 4113 4114
4089 4115 4113
4089 4094 4115
4094 4116 4115
4116 4094 4091
4116 4091 4117
4118 4117 4091
4118 4091 4086
4119 4118 4086
4120 4113 4115
4083 4119 4086
4114 4113 4121
4121 4113 4120
4114 4121 4122
4123 4121 4120
4122 4121 4124
4124 4121 4123
4124 4119 4083
4124 4123 4125
4119 4124 4125
4122 4124 4126
4126 4124 4083
4126 4083 4127
4128 4129 4130
4131 4129 4128
4131 4128 4132
4133 4131 4132
4133 4134 4131
4135 4134 4133
4136 4137 4138
4136 4138 4139
4140 4139 4138
4140 4141 4139
4141 4140 4142
4141 4142 4143
4142 4144 4143
4142 4145 4144
4145 4146 4144
4145 4147 4146
4147 4148 4146
4147 4149 4148
4148 4149 4150
4148 4150 4151
4151 4150 4152
4151 4152 4153
4153 4152 4154
4153 4154 4155
4154 4156 4155
4154 4157 4156
4156 4157 4158
4156 4158 4159
4160 4161 4162
4163 4162 4161
4162 4164 4160
4165 4162 4163
4162 4166 4164
4167 4164 4166
4167 4168 4164
4168 4167 4169
4169 4167 4170
4170 4167 4166
4170 4166 4171
4172 4171 4166
4172 4166 4162
4172 4173 4171
4172 4174 4173
4162 4175 4172
4172 4175 4174
4165 4175 4162
4175 4176 4174
4177 4175 4165
4175 4177 4176
4177 4165 4178
4176 4177 4179
4178 4179 4177
4180 4181 4182
4182 4183 4180
4184 4183 4182
4185 4182 4181
4184 4182 4185
4184 4185 4186
4185 4181 4187
4184 4186 4188
4188 4186 4189
4190 4189 4186
4185 4187 4191
4186 4192 4190
4185 4191 4193
4185 4193 4186
4194 4193 4191
4186 4195 4192
4186 4193 4195
4194 4195 4193
4196 4192 4195
4195 4194 4197
4196 4195 4198
4195 4197 4198
4196 4198 4199
4197 4199 4198
4200 4201 4202
4202 4201 4203
4200 4202 4204
4202 4203 4205
4206 4200 4204
4205 4203 4207
4205 4207 4208
4207 4209 4208
4206 4210 4200
4207 4210 4209
4210 4206 4211
4209 4210 4211
4212 4213 4214
4215 4213 4212
4215 4216 4213
4213 4216 4217
4214 4213 4218
4219 4213 4217
4218 4213 4220
4219 4220 4213
4218 4220 4221
4220 4219 4222
4221 4220 4223
4220 4222 4223
4221 4223 4224
4223 4222 4225
4224 4223 4226
4223 4225 4226
4224 4226 4227
4228 4226 4225
4228 4227 4226
4229 4230 4231
4232 4231 4230
4230 4229 4233
4234 4232 4230
4230 4233 4235
4236 4235 4233
4236 4233 4237
4237 4238 4236
4238 4239 4236
4239 4235 4236
4239 4240 4235
4241 4235 4240
4241 4230 4235
4241 4240 4242
4241 4242 4243
4230 4241 4244
4241 4243 4244
4234 4230 4244
4244 4243 4245
4246 4234 4244
4244 4245 4246
4246 4247 4234
4245 4248 4246
4247 4246 4248
4249 4250 4251
4250 4249 4252
4253 4250 4252
4254 4251 4250
4253 4254 4250
4255 4254 4253
4254 4256 4251
4255 4253 4257
4257 4258 4255
4259 4255 4258
4254 4260 4256
4255 4259 4261
4254 4262 4260
4254 4255 4262
4263 4260 4262
4255 4261 4264
4255 4264 4262
4263 4262 4264
4265 4264 4261
4264 4266 4263
4265 4267 4264
4264 4267 4266
4265 4268 4267
4266 4267 4268
4269 4270 4271
4270 4272 4271
4269 4273 4270
4270 4274 4272
4275 4273 4269
4274 4276 4272
4274 4277 4276
4276 4277 4278
4275 4269 4279
4276 4278 4279
4279 4280 4275
4278 4280 4279
4281 4282 4283
4284 4281 4283
4284 4283 4285
4283 4286 4285
4282 4287 4283
4288 4286 4283
4287 4289 4283
4288 4283 4289
4287 4290 4289
4289 4291 4288
4290 4292 4289
4289 4292 4291
4290 4293 4292
4292 4294 4291
4293 4295 4292
4292 4295 4294
4293 4296 4295
4297 4294 4295
4297 4295 4296
4298 4299 4300
1488 4300 4299
4298 4301 4299
4301 4298 4302
4301 4302 4303
4301 4303 4304
4301 4304 4305
4301 4305 4299
4299 4305 4306
1488 4299 4307
4299 4306 4307
1487 1488 4307
4307 4306 1756
4307 1756 1487
4308 4309 4310
2101 4310 4309
4308 4310 4311
4311 4312 4308
4311 4313 4312
4311 4314 4313
4311 4315 4314
4311 4310 4315
4310 4316 4315
2101 4317 4310
4310 4317 4316
2100 4317 2101
4317 2369 4316
4317 2100 2369
4318 4319 4320
4321 4318 4320
4318 4322 4319
4322 4323 4319
4321 4324 4318
4325 4324 4321
4322 4326 4323
4327 4323 4326
4328 4327 4326
4328 4326 4322
4328 4322 4329
4329 4322 4318
4329 4318 4330
4318 4331 4330
4318 4324 4331
4324 4332 4331
4325 4333 4324
4324 4333 4332
4333 4325 4334
4335 4332 4333
4333 4334 4336
4335 4333 4336
4337 4338 4339
4340 4338 4337
4337 4339 4341
4341 4339 4342
4340 4337 4343
4344 4340 4343
4341 4342 4345
4346 4345 4342
4347 4345 4346
4347 4341 4345
4347 4348 4341
4348 4337 4341
4348 4349 4337
4337 4349 4350
4337 4350 4343
4343 4350 4351
4344 4343 4352
4343 4351 4352
4352 4353 4344
4354 4352 4351
4352 4355 4353
4354 4355 4352
4356 4357 4358
4359 4358 4357
4356 4358 4360
4360 4361 4356
4362 4361 4360
4362 4360 4363
4364 4360 4358
4364 4363 4360
4364 4358 4365
4366 4363 4364
4367 4365 4358
4362 4363 4368
4366 4368 4363
4362 4368 4369
4366 4370 4368
4369 4368 4371
4368 4370 4371
4367 4358 4372
4372 4373 4367
4359 4372 4358
4372 4374 4373
4374 4372 4359
4374 4359 4375
4376 4373 4374
4377 4374 4375
4376 4374 4378
4378 4374 4377
4379 4376 4378
4378 4377 4380
4378 4381 4379
4378 4380 4381
4382 4383 4384
4385 4384 4383
4382 4386 4383
4386 4382 4387
4388 4386 4387
4388 4389 4386
4390 4383 4386
4390 4386 4389
4390 4391 4383
4392 4390 4389
4393 4383 4391
4388 4394 4389
4392 4389 4394
4388 4395 4394
4392 4394 4396
4395 4397 4394
4394 4397 4396
4393 4398 4383
4398 4393 4399
4385 4383 4398
4398 4399 4400
4400 4385 4398
4400 4401 4385
4402 4400 4399
4403 4401 4400
4402 4404 4400
4404 4403 4400
4405 4404 4402
4404 4406 4403
4404 4405 4407
4404 4407 4406
