byte offset: 0
first index: 0
index count: 7182
topology: trianglelist
format: DXGI_FORMAT_R16_UINT

0 1 2
0 2 3
4 5 6
4 6 7
5 8 9
5 9 6
10 1 0
10 0 11
1 10 12
1 12 13
10 14 15
10 15 12
5 4 11
16 15 14
16 14 17
17 14 4
17 4 18
18 19 20
18 20 17
17 20 21
17 21 16
22 23 16
22 16 21
23 24 15
23 15 16
25 23 22
25 22 26
24 23 25
24 25 27
28 19 29
28 29 30
31 20 19
31 19 28
21 32 33
21 33 22
34 29 19
34 19 18
18 4 7
18 7 34
35 36 13
35 13 12
12 15 24
12 24 35
35 24 27
35 27 37
37 38 36
37 36 35
38 37 39
38 39 40
27 41 39
27 39 37
38 42 36
36 43 44
36 44 13
13 44 2
13 2 1
45 46 25
45 25 26
27 25 46
27 46 41
45 26 47
45 47 48
22 33 47
49 50 51
49 51 52
53 54 43
53 43 42
43 54 55
43 55 44
56 57 58
56 58 59
60 61 62
60 62 63
64 65 66
64 66 67
67 68 69
67 69 64
70 62 61
70 61 71
72 73 74
72 74 75
73 60 63
73 63 74
64 69 76
64 76 77
78 79 77
78 77 76
76 73 72
76 72 78
73 76 69
73 69 60
79 78 80
81 82 72
83 84 80
83 80 82
81 85 86
81 86 87
85 81 72
85 72 75
88 89 90
91 92 93
91 93 94
94 95 96
94 96 97
98 91 97
99 100 91
99 91 98
101 102 103
101 103 104
105 106 101
107 105 101
107 101 108
108 104 109
108 80 84
108 84 107
79 109 77
65 64 77
65 77 110
109 79 80
109 80 108
70 71 111
70 111 112
113 96 95
113 95 114
65 97 96
65 96 66
98 110 99
110 98 97
110 97 65
115 89 106
115 106 116
117 87 118
119 84 83
119 83 120
121 105 107
121 107 122
63 62 34
63 34 7
62 70 29
62 29 34
6 9 75
6 75 74
74 63 7
74 7 6
9 123 85
9 85 75
70 112 30
70 30 29
124 125 126
124 126 127
128 129 130
131 132 133
131 133 134
135 136 137
135 137 138
139 137 140
139 140 141
135 138 142
139 141 143
137 136 140
141 32 144
130 145 146
130 146 147
148 130 149
150 151 152
150 152 153
154 155 156
154 156 157
158 159 160
158 160 161
162 163 164
162 164 165
166 167 129
166 129 128
168 169 170
168 170 171
172 173 132
172 132 174
175 176 177
178 179 180
180 181 178
182 183 184
182 184 185
186 31 28
186 28 187
188 30 112
188 112 189
141 140 33
111 190 112
159 154 157
159 157 160
190 111 191
190 191 165
111 71 192
111 192 191
66 96 113
66 113 193
67 66 193
67 193 194
68 67 194
68 194 195
196 192 71
196 71 195
192 196 197
192 197 198
199 200 201
199 201 202
203 204 202
203 202 201
191 192 198
191 198 205
204 206 207
204 207 202
158 208 209
158 209 210
187 28 30
187 30 188
211 212 213
214 211 213
214 215 216
216 215 217
216 217 218
219 196 195
219 195 194
194 193 212
194 212 219
193 113 213
193 213 212
114 215 213
114 213 113
220 217 215
220 215 114
127 126 221
127 221 222
223 224 225
223 225 226
227 228 125
227 125 124
229 230 171
229 171 170
145 171 230
145 230 146
170 231 232
170 232 229
169 233 231
169 231 170
234 235 236
234 236 237
237 236 177
237 177 238
226 221 126
223 126 125
239 176 228
239 228 227
149 207 206
149 206 148
204 209 206
210 204 203
203 240 210
241 242 243
241 243 240
244 243 242
244 242 245
246 247 153
246 153 152
248 249 250
251 252 249
251 249 248
253 254 252
253 252 251
255 256 254
255 254 253
255 257 258
255 258 256
259 260 258
259 258 257
260 259 261
260 261 262
263 264 261
265 266 264
265 264 263
163 267 268
163 268 164
164 268 250
245 246 152
245 152 244
151 155 244
151 244 152
141 33 32
61 68 195
61 195 71
68 61 60
68 60 69
269 56 59
269 59 270
123 271 86
123 86 85
87 83 82
87 82 81
123 9 8
123 8 272
271 123 272
271 272 273
130 148 274
130 274 128
275 166 128
275 128 274
274 148 206
274 206 209
274 209 208
274 208 275
176 239 238
176 238 177
139 138 137
267 163 276
267 276 277
278 276 163
278 163 162
162 205 279
162 279 278
205 198 199
205 199 279
241 203 201
241 201 280
242 241 280
242 280 281
281 282 245
281 245 242
246 245 282
246 282 283
246 283 284
284 285 247
284 247 246
280 201 200
280 200 286
281 280 286
281 286 287
282 281 287
282 287 288
283 282 288
283 288 289
284 289 290
290 291 285
290 285 284
198 197 200
198 200 199
286 200 197
286 197 292
292 293 287
292 287 286
288 293 211
214 289 211
216 290 214
205 162 165
205 165 191
292 197 196
292 196 219
219 212 293
219 293 292
229 232 294
229 294 295
230 229 295
230 295 296
296 277 146
296 146 230
277 276 147
277 147 146
276 149 147
207 149 278
207 278 279
202 207 279
202 279 199
140 297 47
139 298 299
299 300 301
302 303 304
303 302 235
305 306 307
305 307 308
309 174 132
309 132 131
134 231 233
134 233 131
232 184 183
232 183 294
182 185 178
182 178 181
299 301 142
144 258 143
144 186 256
186 187 254
188 252 254
188 254 187
189 249 252
189 252 188
249 189 310
165 164 310
165 310 190
32 31 186
21 20 31
21 31 32
311 312 313
314 315 53
314 53 51
57 316 317
57 317 58
44 55 318
44 318 2
319 3 2
319 2 318
122 107 84
122 84 119
223 228 176
223 176 175
262 264 300
298 143 260
171 145 168
320 321 167
321 322 169
321 169 168
233 169 322
233 322 323
323 309 131
323 131 233
184 232 231
184 231 134
134 133 185
134 185 184
178 185 133
178 133 173
324 325 173
324 173 172
307 325 324
307 324 308
132 173 133
325 179 178
325 178 173
302 304 179
326 327 328
326 328 329
330 331 332
330 332 333
259 257 334
259 334 335
336 337 338
336 338 339
268 340 250
341 251 342
343 344 255
343 255 253
340 268 345
346 347 348
346 348 349
327 326 336
327 336 339
350 327 339
350 339 351
352 353 354
352 354 355
356 357 358
327 350 359
327 359 328
332 360 361
332 361 333
362 363 364
362 364 365
304 366 181
304 181 180
363 361 360
363 360 364
367 368 369
367 369 370
357 356 371
251 341 343
251 343 253
255 344 372
255 372 257
373 374 375
373 375 376
294 346 349
294 349 295
377 378 379
380 381 382
381 380 383
381 383 384
385 386 387
385 387 388
124 389 385
127 389 124
277 296 345
277 345 267
296 295 349
296 349 345
390 366 303
391 392 393
391 393 366
390 377 394
395 396 397
395 397 398
399 347 346
399 346 400
328 359 385
328 385 389
389 401 329
389 329 328
392 399 400
392 400 393
402 403 404
402 404 405
374 373 402
374 402 406
407 408 409
407 409 410
407 410 411
407 411 412
367 413 414
367 414 368
415 416 417
415 417 418
417 419 420
417 420 421
422 340 345
404 423 409
404 409 408
386 385 359
386 359 424
350 423 424
350 424 359
351 409 423
351 423 350
351 425 410
351 410 409
372 344 352
372 352 411
388 227 124
388 124 385
239 383 380
239 380 238
238 380 378
238 378 237
234 237 378
234 378 377
303 234 377
303 377 390
227 388 383
227 383 239
388 387 384
388 384 383
387 426 427
387 427 384
183 182 393
183 393 400
400 346 294
400 294 183
366 390 391
428 429 394
352 344 343
352 343 353
341 430 353
341 353 343
430 341 342
430 342 431
340 432 433
333 434 427
333 427 330
435 436 437
438 430 431
438 431 439
333 361 440
333 440 434
428 441 363
428 363 362
361 363 441
361 441 440
432 442 443
354 353 430
354 430 438
444 373 376
444 376 426
445 429 397
445 397 396
405 446 406
405 406 402
424 403 444
424 444 386
447 448 449
447 449 450
451 452 435
453 442 432
418 417 421
418 421 454
347 399 455
347 455 416
376 375 331
376 331 330
397 362 365
397 365 398
250 433 248
431 342 443
443 456 431
358 457 370
358 370 369
422 345 348
453 422 415
418 454 414
418 414 413
338 261 259
338 259 335
181 366 393
181 393 182
337 263 261
337 261 338
458 459 337
458 337 336
335 351 339
335 339 338
354 371 436
354 436 355
423 404 403
423 403 424
407 448 447
407 447 408
436 452 412
436 412 355
415 348 416
408 447 405
408 405 404
426 376 330
426 330 427
429 428 362
429 362 397
434 381 384
434 384 427
439 457 357
439 357 438
382 381 434
382 434 440
441 428 394
441 394 379
379 382 441
442 367 456
438 357 371
438 371 354
426 387 386
426 386 444
429 445 392
429 392 391
373 444 403
373 403 402
442 413 367
419 417 416
419 416 455
456 370 457
456 457 439
415 418 413
415 413 453
419 396 395
419 395 420
455 445 396
455 396 419
445 455 399
445 399 392
100 460 92
100 92 91
461 314 51
461 51 50
266 462 264
463 326 329
463 329 464
336 326 463
336 463 458
459 265 263
459 263 337
222 465 401
222 401 127
401 465 464
401 464 329
102 88 466
102 466 103
299 298 300
301 300 462
224 467 468
224 468 225
40 52 38
302 469 470
302 470 235
236 235 470
313 269 270
313 270 311
120 83 87
120 87 117
307 469 179
307 179 325
302 179 469
306 470 469
471 472 467
471 467 224
175 471 224
175 224 223
125 228 223
470 175 177
470 177 236
306 471 470
472 471 306
472 306 305
473 90 89
473 89 115
474 475 476
477 478 479
477 479 480
481 478 482
481 482 483
484 485 486
484 486 487
488 489 490
488 490 491
492 489 488
492 488 493
494 495 496
496 476 475
496 475 494
483 482 485
483 485 484
497 498 499
497 499 500
476 491 490
476 490 474
478 481 479
496 500 501
496 501 502
503 485 482
503 482 504
504 482 478
504 478 505
493 488 506
493 506 507
491 476 508
491 508 509
485 503 510
485 510 486
511 504 505
511 505 512
506 509 513
506 513 514
515 510 503
515 503 516
507 506 514
507 514 517
518 519 520
518 520 521
522 523 524
522 524 525
518 526 527
518 527 528
529 523 530
529 530 531
532 522 525
532 525 533
521 520 534
521 534 535
536 531 537
536 537 538
539 530 540
541 542 543
541 543 544
519 545 520
546 547 486
546 486 510
548 546 510
548 510 515
529 549 550
529 550 551
528 527 552
528 552 553
554 555 508
554 508 502
556 536 538
556 538 557
542 545 519
542 519 543
531 530 539
531 539 537
545 534 520
558 539 540
552 527 554
513 555 527
513 527 526
514 513 526
514 526 559
517 514 559
517 559 560
512 561 533
512 533 525
524 511 512
524 512 525
551 515 516
551 516 524
515 551 550
515 550 548
477 562 505
477 505 478
499 563 501
499 501 500
549 564 565
549 565 550
563 566 567
563 567 501
566 568 552
566 552 567
565 569 548
565 548 550
547 570 487
486 547 487
571 547 572
571 572 573
488 491 509
488 509 506
508 555 513
508 513 509
516 503 504
516 504 511
511 524 516
562 561 512
562 512 505
501 567 554
501 554 502
476 496 502
476 502 508
552 554 567
554 527 555
526 518 521
526 521 559
523 522 540
523 540 530
518 528 543
518 543 519
523 529 551
523 551 524
522 532 558
522 558 540
559 521 535
559 535 560
549 529 531
549 531 536
528 553 544
528 544 543
564 549 536
564 536 556
568 574 553
568 553 552
575 576 318
575 318 55
577 578 579
577 579 580
581 582 312
583 584 585
583 585 586
587 588 589
587 589 590
576 591 319
576 319 318
271 592 593
271 593 86
317 316 594
317 594 595
596 575 55
596 55 54
590 589 584
590 584 583
597 598 599
597 599 600
586 585 582
586 582 581
601 602 578
601 578 577
151 150 603
151 603 604
155 154 243
155 243 244
159 158 210
159 210 240
167 166 605
167 605 320
154 159 240
154 240 243
208 158 161
208 161 606
155 151 604
155 604 156
166 275 607
166 607 605
275 208 606
275 606 607
167 321 168
167 168 129
211 293 212
214 213 215
448 452 451
448 451 449
312 608 313
609 610 312
312 582 609
312 610 608
87 86 593
87 593 118
271 273 611
271 611 592
272 3 319
272 319 273
611 273 319
611 319 591
0 3 272
0 272 8
11 0 8
11 8 5
14 10 11
4 14 11
432 443 433
411 352 355
411 355 412
372 411 410
372 410 425
412 452 448
412 448 407
335 334 425
335 425 351
372 425 334
372 334 257
390 394 391
304 180 179
366 304 303
422 348 415
382 440 441
378 382 379
422 432 340
442 456 443
433 342 248
251 248 342
204 210 209
203 241 240
348 347 416
442 453 413
432 422 453
356 437 371
357 457 358
405 447 450
405 450 446
145 129 168
436 371 437
452 436 435
291 290 216
290 289 214
289 288 211
288 287 293
284 283 289
276 278 149
268 267 345
345 349 348
367 370 456
456 439 431
342 433 443
340 433 250
249 310 250
190 189 112
189 190 310
42 52 51
42 51 53
315 596 54
315 54 53
595 594 597
595 597 600
495 497 500
495 500 496
38 52 42
42 43 36
40 49 52
116 106 105
116 105 121
580 579 588
580 588 587
547 571 570
106 89 102
106 102 101
88 102 89
104 103 100
104 100 99
103 466 460
103 460 100
108 101 104
104 99 109
91 94 97
110 109 99
109 110 77
78 82 80
82 78 72
127 401 389
612 613 614
612 614 615
616 617 613
616 613 612
618 619 620
618 620 621
620 619 622
620 622 623
615 614 623
615 623 622
624 625 626
624 626 627
628 629 624
628 624 627
625 630 631
625 631 626
632 629 628
632 628 633
631 630 634
631 634 635
615 636 637
615 637 612
613 638 639
613 639 614
612 637 640
612 640 616
617 641 638
617 638 613
642 643 617
642 617 616
620 644 645
620 645 621
618 646 647
618 647 619
621 645 648
621 648 649
623 650 644
623 644 620
619 647 651
619 651 622
651 636 615
651 615 622
639 650 623
639 623 614
626 652 653
626 653 627
624 654 655
624 655 625
627 653 656
627 656 628
629 657 654
629 654 624
631 658 652
631 652 626
625 655 659
625 659 630
633 660 661
633 661 632
656 662 633
656 633 628
663 657 629
663 629 632
664 665 666
664 666 635
634 667 668
634 668 669
666 658 631
666 631 635
659 667 634
659 634 630
618 670 671
618 671 646
649 670 618
649 618 621
669 664 635
669 635 634
672 673 674
675 676 677
675 677 673
678 679 680
678 680 681
682 683 680
682 680 679
684 685 686
687 688 689
687 689 690
691 692 693
694 695 696
694 696 697
698 699 700
698 700 701
702 699 698
702 698 703
686 688 704
686 704 705
704 688 687
704 687 706
700 678 707
700 707 701
672 674 708
672 708 709
710 693 711
712 713 684
712 684 714
674 677 715
674 715 708
677 676 716
677 716 715
717 694 691
717 691 710
718 695 694
718 694 717
700 679 678
702 682 679
702 679 699
713 719 685
713 685 684
720 690 689
720 689 721
678 681 722
678 722 707
714 684 686
714 686 705
693 692 719
693 719 713
711 693 713
711 713 712
681 672 709
681 709 722
681 680 673
681 673 672
683 675 673
683 673 680
696 720 721
696 721 697
685 689 688
685 688 686
719 721 689
719 689 685
692 697 721
692 721 719
691 694 697
691 697 692
677 674 673
679 700 699
703 698 723
703 723 724
698 701 725
698 725 723
701 707 726
701 726 725
707 722 727
707 727 726
708 715 728
708 728 729
729 730 709
729 709 708
730 727 722
730 722 709
731 728 715
731 715 716
93 732 95
93 95 94
732 220 114
732 114 95
218 291 216
544 733 734
544 734 541
574 733 544
574 544 553
735 572 547
735 547 546
569 735 546
569 546 548
736 737 738
736 738 739
740 741 742
740 742 743
743 742 744
743 744 745
746 747 736
746 736 739
739 748 749
739 749 746
746 749 750
746 750 751
743 747 740
752 753 751
752 751 750
753 754 740
753 740 751
754 753 755
754 755 756
753 752 757
753 757 755
758 757 752
758 752 759
759 752 750
759 750 760
761 762 758
761 758 759
760 763 761
760 761 759
764 765 766
764 766 756
767 764 756
767 756 755
757 758 768
757 768 769
770 754 756
770 756 766
754 770 741
754 741 740
771 749 748
771 748 772
749 771 760
749 760 750
771 773 763
771 763 760
773 771 772
773 772 774
774 40 39
774 39 773
763 773 39
763 39 41
774 772 775
772 748 776
772 776 777
748 739 738
748 738 776
45 762 761
45 761 46
763 41 46
763 46 761
45 48 778
45 778 762
762 778 758
49 779 780
49 780 50
777 781 782
777 782 775
777 776 783
777 783 781
784 785 786
784 786 787
788 789 790
788 790 791
792 793 794
792 794 795
793 792 796
793 796 797
798 799 791
798 791 790
800 801 802
800 802 803
803 802 789
803 789 788
792 804 805
792 805 796
806 805 804
806 804 807
805 806 800
805 800 803
803 788 796
803 796 805
807 808 806
809 800 810
811 810 808
811 808 812
809 813 814
809 814 815
815 801 800
815 800 809
88 90 816
817 818 93
817 93 92
818 819 820
818 820 821
822 819 817
823 822 817
823 817 824
825 826 827
825 827 828
829 825 830
831 832 825
831 825 829
832 833 826
832 831 812
832 812 808
807 804 833
795 834 804
795 804 792
833 832 808
833 808 807
798 835 836
798 836 799
837 838 821
837 821 820
795 794 820
795 820 819
822 823 834
834 795 819
834 819 822
839 840 830
839 830 816
841 842 813
843 844 811
843 811 812
845 846 831
845 831 829
789 741 770
789 770 790
790 770 766
790 766 798
742 802 801
742 801 744
802 742 741
802 741 789
744 801 815
744 815 847
798 766 765
798 765 835
848 849 850
848 850 851
852 853 854
855 856 857
855 857 858
135 859 860
135 860 136
861 862 863
861 863 860
135 142 859
864 865 861
860 863 136
865 866 862
853 867 868
853 868 869
870 871 853
872 873 874
872 874 875
876 877 878
876 878 879
880 881 882
880 882 883
884 885 886
884 886 887
888 852 854
888 854 889
890 891 892
890 892 893
894 895 858
894 858 896
897 898 899
900 901 902
901 900 903
904 905 906
904 906 907
908 909 764
908 764 767
910 911 835
910 835 765
768 778 863
836 835 912
883 882 877
883 877 876
912 885 913
912 913 836
836 913 914
836 914 799
794 915 837
794 837 820
793 916 915
793 915 794
797 917 916
797 916 793
918 917 799
918 799 914
914 919 920
914 920 918
921 922 923
921 923 924
925 923 922
925 922 926
913 927 919
913 919 914
926 922 928
926 928 929
880 930 931
880 931 932
909 910 765
909 765 764
933 934 935
936 934 933
936 937 938
937 218 217
937 217 938
939 916 917
939 917 918
916 939 935
916 935 915
915 935 934
915 934 837
838 837 934
838 934 938
220 838 938
220 938 217
849 222 221
849 221 850
940 226 225
940 225 941
942 848 851
942 851 943
944 892 891
944 891 945
869 868 945
869 945 891
892 944 946
892 946 947
893 892 947
893 947 948
949 950 951
949 951 952
950 953 898
950 898 951
226 940 850
940 851 850
954 942 943
954 943 899
871 870 929
871 929 928
926 929 931
930 925 926
925 930 955
956 955 957
956 957 958
959 960 958
959 958 957
961 874 873
961 873 962
963 964 965
966 963 965
966 965 967
968 966 967
968 967 969
970 968 969
970 969 971
970 971 972
970 972 973
974 973 972
974 972 975
975 976 977
975 977 974
977 976 978
265 979 978
265 978 266
887 886 980
887 980 981
886 982 964
960 959 874
960 874 961
875 874 959
875 959 879
862 769 768
791 799 917
791 917 797
797 796 788
797 788 791
983 984 785
983 785 784
847 815 814
847 814 985
813 809 810
813 810 811
847 986 745
847 745 744
985 987 986
985 986 847
853 852 988
853 988 870
989 988 852
989 852 888
988 931 929
988 929 870
988 989 932
988 932 931
899 898 953
899 953 954
861 859 990
981 991 992
981 992 887
993 884 887
993 887 992
884 993 994
884 994 927
927 994 921
927 921 919
956 995 923
956 923 925
958 996 995
958 995 956
996 958 960
996 960 997
961 998 997
961 997 960
961 999 998
999 961 962
999 962 1000
995 1001 924
995 924 923
996 1002 1001
996 1001 995
997 1003 1002
997 1002 996
998 1004 1003
998 1003 997
999 1005 1004
1005 999 1000
1005 1000 291
919 921 924
919 924 920
1001 1006 920
1001 920 924
1006 1001 1002
1006 1002 1007
1003 933 1007
936 933 1004
937 936 1005
927 913 885
927 885 884
1006 939 918
1006 918 920
939 1006 1007
939 1007 935
944 1008 1009
944 1009 946
945 1010 1008
945 1008 944
1010 945 868
1010 868 991
991 868 867
991 867 992
992 867 871
928 994 993
928 993 871
922 921 994
922 994 928
863 778 297
861 990 864
990 301 1011
1012 1013 1014
1014 952 1012
1015 1016 1017
1015 1017 1018
895 1019 855
895 855 858
856 855 948
856 948 947
946 1009 907
946 907 906
904 903 900
904 900 905
990 142 301
865 975 972
972 971 866
971 969 908
910 909 969
910 969 967
911 910 967
911 967 965
965 982 911
885 912 982
885 982 886
866 908 769
757 769 767
757 767 755
1020 1021 1022
1023 780 782
1023 782 1024
787 786 1025
787 1025 1026
776 738 1027
776 1027 783
1028 1027 738
1028 738 737
846 843 812
846 812 831
940 897 899
940 899 943
864 1011 976
976 975 864
891 890 869
1029 889 1030
1030 890 893
1030 893 1031
948 1032 1031
948 1031 893
1032 948 855
1032 855 1019
906 856 947
906 947 946
856 906 905
856 905 857
900 896 857
900 857 905
1033 894 896
1033 896 1034
1017 1016 1033
1017 1033 1034
858 857 896
1034 896 900
1034 900 902
1012 902 1013
1035 1036 1037
1035 1037 1038
1039 1040 1041
1039 1041 1042
974 1043 1044
974 1044 973
1045 1046 1047
1045 1047 1048
980 964 1049
1050 1051 966
1052 968 970
1052 970 1053
1049 1054 980
1055 1056 1057
1055 1057 1058
1038 1046 1045
1038 1045 1035
1059 1060 1046
1059 1046 1038
1061 1062 1063
1061 1063 1064
1065 1066 1067
1038 1037 1068
1038 1068 1059
1041 1040 1069
1041 1069 1070
1071 1072 1073
1071 1073 1074
1013 901 903
1013 903 1075
1074 1073 1070
1074 1070 1069
1076 1077 1078
1076 1078 1079
1067 1080 1065
966 968 1052
966 1052 1050
1081 1053 970
1081 970 973
1082 1083 1084
1082 1084 1085
1009 1008 1056
1009 1056 1055
1086 1087 1088
1089 1088 1090
1091 1092 1093
1091 1093 1089
1094 1095 1096
1094 1096 1097
848 1094 1098
849 848 1098
991 981 1054
991 1054 1010
1010 1054 1056
1010 1056 1008
1099 1014 1075
1100 1075 1101
1100 1101 1102
1099 1103 1086
1104 1105 1106
1104 1106 1107
1108 1109 1055
1108 1055 1058
1037 1098 1094
1037 1094 1068
1098 1037 1036
1098 1036 1110
1102 1101 1109
1102 1109 1108
1111 1112 1113
1111 1113 1114
1085 1115 1111
1085 1111 1082
1116 1117 1118
1116 1118 1119
1120 1117 1116
1120 1116 1121
1076 1079 1122
1076 1122 1123
1124 1125 1126
1124 1126 1127
1126 1128 1129
1126 1129 1130
1131 1054 1049
1113 1119 1118
1113 1118 1132
1097 1133 1068
1097 1068 1094
1059 1068 1133
1059 1133 1132
1060 1059 1132
1060 1132 1118
1060 1118 1117
1060 1117 1134
1061 1053 1081
1061 1081 1120
1095 1094 848
1095 848 942
954 953 1089
954 1089 1093
953 950 1088
953 1088 1089
949 1086 1088
949 1088 950
1014 1099 1086
1014 1086 949
942 954 1093
942 1093 1095
1095 1093 1092
1095 1092 1096
1096 1092 1135
1096 1135 1136
907 1109 1101
907 1101 904
1109 907 1009
1109 1009 1055
1075 1100 1099
1137 1103 1138
1061 1064 1052
1061 1052 1053
1050 1052 1064
1050 1064 1139
1139 1140 1051
1139 1051 1050
1049 1141 1142
1040 1039 1135
1040 1135 1143
1144 1145 1146
1147 1148 1140
1147 1140 1139
1040 1143 1149
1040 1149 1069
1137 1071 1074
1137 1074 1150
1069 1149 1150
1069 1150 1074
1142 1151 1152
1063 1147 1139
1063 1139 1064
1153 1136 1083
1153 1083 1082
1154 1107 1106
1154 1106 1138
1112 1111 1115
1112 1115 1155
1133 1097 1153
1133 1153 1114
1156 1157 1158
1156 1158 1159
1160 1144 1161
1162 1142 1152
1125 1163 1128
1125 1128 1126
1058 1127 1164
1058 1164 1108
1083 1039 1042
1083 1042 1084
1106 1105 1072
1106 1072 1071
964 963 1141
1140 1151 1051
1151 1140 1165
1066 1078 1077
1066 1077 1166
1131 1057 1054
1162 1124 1131
1125 1123 1122
1125 1122 1163
1047 1043 974
1047 974 977
903 904 1101
903 1101 1075
1048 1047 977
1048 977 979
458 1045 1048
458 1048 459
1043 1047 1046
1043 1046 1060
1063 1062 1146
1063 1146 1080
1132 1133 1114
1132 1114 1113
1116 1119 1158
1116 1158 1157
1146 1062 1121
1146 1121 1161
1124 1127 1057
1119 1113 1112
1119 1112 1158
1136 1135 1039
1136 1039 1083
1138 1106 1071
1138 1071 1137
1143 1135 1092
1143 1092 1091
1148 1147 1067
1148 1067 1166
1090 1149 1143
1090 1143 1091
1150 1087 1137
1087 1150 1090
1152 1165 1076
1147 1063 1080
1147 1080 1067
1136 1153 1097
1136 1097 1096
1138 1100 1102
1138 1102 1154
1082 1111 1114
1082 1114 1153
1152 1076 1123
1130 1164 1127
1130 1127 1126
1165 1148 1166
1165 1166 1077
1124 1162 1123
1124 1123 1125
1130 1129 1104
1130 1104 1107
1164 1130 1107
1164 1107 1154
1154 1102 1108
1154 1108 1164
824 817 92
824 92 460
461 50 780
461 780 1023
266 978 462
463 464 1036
463 1036 1035
1045 458 463
1045 463 1035
459 1048 979
459 979 265
222 849 1110
222 1110 465
1110 1036 464
1110 464 465
828 827 466
828 466 88
990 1011 864
301 462 1011
941 225 468
941 468 1167
40 774 779
1012 952 1168
1012 1168 1169
951 1168 952
1021 1020 984
1021 984 983
844 841 813
844 813 811
1017 1034 902
1017 902 1169
1012 1169 902
1018 1017 1169
1170 941 1167
1170 1167 1171
897 940 941
897 941 1170
851 940 943
1168 951 898
1168 898 897
1018 1168 1170
1171 1015 1018
1171 1018 1170
473 839 816
473 816 90
1172 1173 1174
1175 1176 1177
1175 1177 1178
1179 1180 1181
1179 1181 1178
1182 1183 1184
1182 1184 1185
1186 1187 1188
1186 1188 1189
1190 1191 1186
1190 1186 1189
1192 1193 1194
1193 1192 1174
1193 1174 1173
1180 1182 1185
1180 1185 1181
1195 1196 1197
1195 1197 1198
1173 1172 1188
1173 1188 1187
1178 1177 1179
1193 1199 1200
1193 1200 1196
1201 1202 1181
1201 1181 1185
1202 1203 1178
1202 1178 1181
1191 1204 1205
1191 1205 1186
1187 1206 1207
1187 1207 1173
1185 1184 1208
1185 1208 1201
1209 1210 1203
1209 1203 1202
1205 1211 1212
1205 1212 1206
1213 1214 1201
1213 1201 1208
1204 1215 1211
1204 1211 1205
1216 1217 1218
1216 1218 1219
1220 1221 1222
1220 1222 1223
1216 1224 1225
1216 1225 1226
1227 1228 1229
1227 1229 1223
1230 1231 1221
1230 1221 1220
1217 1232 1233
1217 1233 1218
1234 1235 1236
1234 1236 1228
1237 1238 1229
1239 1240 1241
1239 1241 1242
1219 1218 1243
1244 1208 1184
1244 1184 1245
1246 1213 1208
1246 1208 1244
1227 1247 1248
1227 1248 1249
1224 1250 1251
1224 1251 1225
1252 1199 1207
1252 1207 1253
1254 1255 1235
1254 1235 1234
1242 1241 1219
1242 1219 1243
1228 1236 1237
1228 1237 1229
1243 1218 1233
1256 1238 1237
1251 1252 1225
1212 1226 1225
1212 1225 1253
1211 1257 1226
1211 1226 1212
1215 1258 1257
1215 1257 1211
1210 1221 1231
1210 1231 1259
1222 1221 1210
1222 1210 1209
1247 1222 1214
1247 1214 1213
1213 1246 1248
1213 1248 1247
1175 1178 1203
1175 1203 1260
1197 1196 1200
1197 1200 1261
1249 1248 1262
1249 1262 1263
1261 1200 1264
1261 1264 1265
1265 1264 1251
1265 1251 1266
1262 1248 1246
1262 1246 1267
1245 1183 1268
1184 1183 1245
1269 1270 1271
1269 1271 1245
1186 1205 1206
1186 1206 1187
1207 1206 1212
1207 1212 1253
1214 1209 1202
1214 1202 1201
1209 1214 1222
1260 1203 1210
1260 1210 1259
1200 1199 1252
1200 1252 1264
1173 1207 1199
1173 1199 1193
1251 1264 1252
1252 1253 1225
1226 1257 1217
1226 1217 1216
1223 1229 1238
1223 1238 1220
1216 1219 1241
1216 1241 1224
1223 1222 1247
1223 1247 1227
1220 1238 1256
1220 1256 1230
1257 1258 1232
1257 1232 1217
1249 1234 1228
1249 1228 1227
1224 1241 1240
1224 1240 1250
1263 1254 1234
1263 1234 1249
1266 1251 1250
1266 1250 1272
1273 783 1027
1273 1027 1274
1275 1276 1277
1275 1277 1278
1279 1022 1280
1281 1282 1283
1281 1283 1284
1285 1286 1287
1285 1287 1288
1274 1027 1028
1274 1028 1289
985 814 1290
985 1290 1291
1292 1026 1025
1292 1025 1293
1294 781 783
1294 783 1273
1286 1281 1284
1286 1284 1287
1295 1296 1297
1295 1297 1298
1282 1279 1280
1282 1280 1283
1299 1275 1278
1299 1278 1300
875 1301 1302
875 1302 872
879 959 957
879 957 876
883 955 930
883 930 880
889 1029 1303
889 1303 888
876 957 955
876 955 883
932 1304 881
932 881 880
879 878 1301
879 1301 875
888 1303 1305
888 1305 989
989 1305 1304
989 1304 932
889 854 890
889 890 1030
933 935 1007
936 938 934
1157 1156 1160
1157 1160 1161
1022 1021 1306
1307 1022 1308
1022 1307 1280
1022 1306 1308
813 842 1290
813 1290 814
985 1291 1309
985 1309 987
986 987 1028
986 1028 737
1028 987 1309
1028 1309 1289
986 737 736
986 736 745
745 736 747
745 747 743
751 747 746
740 747 751
1142 1141 1151
1120 1121 1062
1120 1062 1061
1117 1120 1081
1117 1081 1134
1157 1161 1121
1157 1121 1116
1134 1044 1043
1134 1043 1060
1081 973 1044
1081 1044 1134
1099 1100 1103
1013 902 901
1075 1014 1013
1131 1124 1057
1090 1150 1149
1088 1087 1090
1131 1049 1142
1152 1151 1165
1141 963 1051
966 1051 963
926 931 930
925 955 956
1057 1127 1058
1152 1123 1162
1142 1162 1131
1065 1080 1145
1067 1066 1166
1159 1158 1112
1159 1112 1155
869 890 854
1146 1145 1080
1161 1144 1146
291 937 1005
1005 936 1004
1004 933 1003
1003 1007 1002
999 1004 998
992 871 993
980 1054 981
1054 1057 1056
1076 1165 1077
1165 1140 1148
1051 1151 1141
1049 964 1141
965 964 982
912 835 911
911 982 912
775 782 780
775 780 779
1024 782 781
1024 781 1294
1295 1292 1293
1295 1293 1296
1194 1196 1195
1194 1193 1196
774 775 779
775 772 777
40 779 49
829 830 840
829 840 845
1288 1277 1276
1288 1276 1285
1245 1268 1269
830 828 816
830 825 828
88 816 828
824 827 826
824 826 823
460 466 827
460 827 824
832 826 825
826 833 823
817 819 818
834 823 833
833 804 834
806 808 810
810 800 806
849 1098 1110
1310 1311 1312
1310 1312 1313
1314 1310 1313
1314 1313 1315
1316 1317 1318
1316 1318 1319
1318 1320 1321
1318 1321 1319
1311 1321 1320
1311 1320 1312
1322 1323 1324
1322 1324 1325
1326 1323 1322
1326 1322 1327
1325 1324 1328
1325 1328 1329
1330 1331 1326
1330 1326 1327
1328 1332 1333
1328 1333 1329
1311 1310 1334
1311 1334 1335
1313 1312 1336
1313 1336 1337
1310 1314 1338
1310 1338 1334
1315 1313 1337
1315 1337 1339
1340 1314 1315
1340 1315 1341
1318 1317 1342
1318 1342 1343
1316 1319 1344
1316 1344 1345
1317 1346 1347
1317 1347 1342
1320 1318 1343
1320 1343 1348
1319 1321 1349
1319 1349 1344
1349 1321 1311
1349 1311 1335
1336 1312 1320
1336 1320 1348
1324 1323 1350
1324 1350 1351
1322 1325 1352
1322 1352 1353
1323 1326 1354
1323 1354 1350
1327 1322 1353
1327 1353 1355
1328 1324 1351
1328 1351 1356
1325 1329 1357
1325 1357 1352
1331 1330 1358
1331 1358 1359
1354 1326 1331
1354 1331 1360
1361 1330 1327
1361 1327 1355
1362 1332 1363
1362 1363 1364
1333 1365 1366
1333 1366 1367
1363 1332 1328
1363 1328 1356
1357 1329 1333
1357 1333 1367
1316 1345 1368
1316 1368 1369
1346 1317 1316
1346 1316 1369
1365 1333 1332
1365 1332 1362
1370 1371 1372
1373 1372 1374
1373 1374 1375
1376 1377 1378
1376 1378 1379
1380 1379 1378
1380 1378 1381
1382 1383 1384
1385 1386 1387
1385 1387 1388
1389 1390 1391
1392 1393 1394
1392 1394 1395
1396 1397 1398
1396 1398 1399
1400 1401 1396
1400 1396 1399
1383 1402 1403
1383 1403 1388
1403 1404 1385
1403 1385 1388
1398 1397 1405
1398 1405 1376
1370 1406 1407
1370 1407 1371
1408 1409 1390
1408 1390 1389
1410 1411 1382
1410 1382 1412
1371 1407 1413
1371 1413 1374
1374 1413 1414
1374 1414 1375
1415 1408 1389
1415 1389 1392
1416 1415 1392
1416 1392 1395
1398 1376 1379
1400 1399 1379
1400 1379 1380
1412 1382 1384
1412 1384 1417
1418 1419 1387
1418 1387 1386
1376 1405 1420
1376 1420 1377
1411 1402 1383
1411 1383 1382
1390 1412 1417
1390 1417 1391
1409 1410 1412
1409 1412 1390
1377 1420 1406
1377 1406 1370
1377 1370 1372
1377 1372 1378
1381 1378 1372
1381 1372 1373
1394 1393 1419
1394 1419 1418
1384 1383 1388
1384 1388 1387
1417 1384 1387
1417 1387 1419
1391 1417 1419
1391 1419 1393
1389 1391 1393
1389 1393 1392
1374 1372 1371
1379 1399 1398
1401 1421 1422
1401 1422 1396
1396 1422 1423
1396 1423 1397
1397 1423 1424
1397 1424 1405
1405 1424 1425
1405 1425 1420
1407 1426 1427
1407 1427 1413
1426 1407 1406
1426 1406 1428
1428 1406 1420
1428 1420 1425
1429 1414 1413
1429 1413 1427
93 818 821
93 821 732
732 821 838
732 838 220
218 937 291
1430 1431 1240
1430 1240 1239
1272 1250 1240
1272 1240 1431
1432 1244 1245
1432 1245 1271
1267 1246 1244
1267 1244 1432
226 126 223
226 850 221
470 471 175
1170 1168 897
306 469 307
1018 1169 1168
886 964 980
164 250 310
854 853 869
130 129 145
853 871 867
149 130 147
1086 1103 1087
394 377 379
952 1014 949
1138 1103 1100
394 429 391
1137 1087 1103
380 382 378
1089 1090 1091
303 235 234
139 299 138
861 860 859
298 139 143
865 862 861
143 141 144
866 769 862
462 300 264
978 1011 462
298 262 300
1011 978 976
262 298 260
975 865 864
258 260 143
866 865 972
258 144 256
971 908 866
144 32 186
256 186 254
908 767 769
969 909 908
299 142 138
990 859 142
136 297 140
863 297 136
297 48 47
778 48 297
26 22 47
778 768 758
140 47 33
710 691 693
862 768 863
264 262 261
979 977 978
