byte offset: 0
first index: 50676
index count: 1674
topology: trianglelist
format: DXGI_FORMAT_R16_UINT

17515 17516 17517
17515 17517 17518
17519 17515 17518
17519 17518 17520
17521 17519 17520
17521 17520 17522
17523 17521 17522
17523 17522 17524
17525 17523 17524
17525 17524 17526
17527 17525 17526
17527 17526 17528
17529 17527 17528
17529 17528 17530
17531 17529 17530
17531 17532 17529
17533 17532 17531
17533 17534 17532
17535 17534 17533
17535 17533 17536
17537 17535 17536
17537 17538 17535
17539 17538 17537
17537 17536 17540
17539 17541 17538
17542 17537 17540
17539 17537 17542
17542 17540 17543
17544 17542 17543
17545 17544 17543
17541 17539 17546
17541 17546 17547
17548 17547 17546
17548 17546 17549
17549 17550 17548
17539 17542 17551
17544 17551 17542
17539 17552 17546
17549 17546 17552
17549 17553 17550
17554 17550 17553
17555 17554 17553
17555 17556 17554
17555 17557 17556
17539 17551 17558
17539 17558 17552
17559 17551 17544
17558 17551 17559
17549 17552 17560
17553 17549 17560
17561 17560 17552
17561 17553 17560
17558 17562 17552
17561 17552 17562
17558 17563 17562
17558 17559 17563
17564 17555 17553
17561 17564 17553
17565 17561 17562
17563 17565 17562
17564 17561 17566
17565 17566 17561
17567 17566 17565
17568 17567 17565
17563 17568 17565
17563 17569 17568
17563 17559 17569
17568 17569 17567
17564 17566 17570
17564 17571 17555
17571 17564 17570
17572 17570 17566
17572 17566 17567
17571 17570 17573
17572 17573 17570
17572 17574 17573
17575 17574 17572
17575 17572 17567
17576 17574 17575
17575 17567 17577
17578 17574 17576
17574 17578 17579
17579 17580 17574
17567 17581 17577
17574 17580 17582
17573 17574 17583
17574 17582 17583
17583 17571 17573
17582 17584 17583
17567 17585 17581
17567 17569 17585
17585 17586 17581
17583 17587 17571
17583 17584 17587
17555 17571 17587
17584 17588 17587
17569 17589 17585
17559 17589 17569
17585 17590 17586
17589 17590 17585
17555 17587 17591
17555 17591 17557
17592 17557 17591
17592 17591 17593
17592 17593 17594
17595 17591 17587
17587 17588 17595
17596 17595 17588
17596 17588 17597
17596 17597 17598
17599 17586 17590
17599 17600 17586
17601 17600 17599
17602 17599 17590
17602 17590 17603
17589 17603 17590
17604 17603 17589
17559 17604 17589
17559 17544 17604
17604 17605 17603
17544 17605 17604
17605 17602 17603
17545 17605 17544
17606 17605 17545
17605 17606 17602
17606 17545 17607
17602 17606 17608
17607 17608 17606
17602 17608 17599
17607 17609 17608
17610 17599 17608
17609 17610 17608
17609 17611 17610
17601 17599 17610
17610 17611 17612
17601 17610 17613
17610 17612 17613
17601 17613 17614
17615 17613 17612
17613 17616 17614
17615 17617 17613
17613 17617 17616
17617 17615 17618
17619 17616 17617
17619 17617 17618
17619 17618 17620
17619 17620 17621
17621 17620 17622
17621 17622 17623
17624 17623 17622
17625 17626 17627
17625 17628 17626
17629 17628 17625
17629 17630 17628
17631 17630 17629
17631 17632 17630
17633 17632 17631
17633 17634 17632
17635 17634 17633
17635 17636 17634
17637 17636 17635
17637 17638 17636
17639 17638 17637
17639 17640 17638
17641 17640 17639
17641 17642 17640
17643 17642 17641
17643 17644 17642
17644 17643 17645
17644 17645 17646
17647 17646 17645
17647 17648 17646
17649 17648 17647
17649 17650 17648
17651 17650 17649
17651 17652 17650
17653 17652 17651
17653 17654 17652
17654 17653 17655
17654 17655 17656
17657 17656 17655
17657 17658 17656
17659 17658 17657
17659 17657 17660
17659 17660 17661
17659 17661 17662
17662 17661 17663
17662 17663 17664
17664 17663 17665
17664 17665 17666
17667 17666 17665
17667 17665 17668
17667 17668 17669
17667 17669 17670
17670 17669 17671
17670 17671 17672
17672 17671 17673
17672 17673 17674
17674 17673 17675
17674 17675 17676
17677 17676 17675
17677 17675 17678
17679 17677 17678
17679 17678 17680
17679 17680 17681
17679 17681 17682
17683 17682 17681
17683 17684 17682
17684 17683 17685
17684 17685 17686
17687 17688 17689
17687 17690 17688
17690 17691 17688
17690 17692 17691
17692 17693 17691
17692 17694 17693
17694 17695 17693
17694 17696 17695
17696 17697 17695
17696 17698 17697
17698 17699 17697
17698 17700 17699
17700 17701 17699
17700 17702 17701
17702 17703 17701
17702 17704 17703
17704 17705 17703
17704 17706 17705
17706 17707 17705
17706 17708 17707
17707 17708 17709
17707 17709 17710
17710 17709 17711
17710 17711 17712
17711 17713 17712
17711 17714 17713
17713 17714 17715
17713 17715 17716
17716 17715 17717
17716 17717 17718
17718 17717 17719
17718 17719 17720
17720 17719 17721
17720 17721 17722
17722 17721 17723
17722 17723 17724
17724 17723 17725
17724 17725 17726
17727 17726 17725
17727 17725 17728
17727 17728 17729
17727 17729 17730
17729 17731 17730
17729 17732 17731
17733 17734 17735
17733 17735 17736
17736 17737 17733
17738 17736 17735
17738 17735 17739
17736 17740 17737
17738 17740 17736
17738 17741 17740
17742 17737 17740
17742 17740 17741
17742 17741 17743
17743 17744 17742
17743 17745 17744
17746 17747 17748
17746 17748 17749
17749 17750 17746
17749 17751 17750
17751 17752 17750
17751 17753 17752
17752 17753 17754
17752 17754 17755
17756 17755 17754
17756 17757 17755
17757 17756 17758
17757 17758 17759
17760 17761 17762
17760 17763 17761
17764 17763 17760
17764 17765 17763
17766 17765 17764
17766 17767 17765
17768 17767 17766
17768 17769 17767
17770 17769 17768
17770 17771 17769
17772 17771 17770
17772 17773 17771
17774 17773 17772
17774 17775 17773
17776 17775 17774
17776 17774 17777
17778 17776 17777
17778 17777 17779
17778 17779 17780
17778 17780 17781
17782 17781 17780
17782 17783 17781
17782 17780 17784
17784 17785 17782
17784 17786 17785
17787 17783 17782
17785 17787 17782
17787 17788 17783
17789 17788 17787
17790 17788 17789
17785 17786 17791
17791 17786 17792
17793 17791 17792
17793 17794 17791
17794 17793 17795
17785 17796 17787
17789 17787 17796
17785 17791 17797
17794 17797 17791
17794 17795 17798
17799 17798 17795
17800 17798 17799
17800 17799 17801
17802 17800 17801
17785 17803 17796
17785 17797 17803
17804 17789 17796
17803 17804 17796
17794 17805 17797
17798 17805 17794
17806 17797 17805
17806 17805 17798
17803 17797 17807
17806 17807 17797
17803 17807 17808
17803 17808 17804
17809 17800 17802
17809 17802 17810
17809 17810 17811
17811 17810 17812
17806 17798 17813
17813 17798 17800
17814 17807 17806
17808 17807 17814
17809 17815 17800
17816 17815 17809
17813 17817 17806
17814 17806 17817
17817 17818 17814
17819 17814 17818
17808 17814 17819
17808 17819 17820
17819 17818 17820
17808 17820 17804
17813 17800 17821
17800 17815 17821
17813 17822 17817
17821 17822 17813
17823 17817 17822
17823 17818 17817
17821 17824 17822
17823 17822 17824
17823 17824 17825
17826 17823 17825
17826 17818 17823
17827 17824 17821
17827 17821 17815
17824 17827 17825
17826 17828 17818
17829 17826 17825
17830 17829 17825
17825 17831 17830
17831 17825 17832
17825 17833 17832
17825 17827 17833
17833 17827 17834
17815 17834 17827
17834 17815 17835
17815 17816 17835
17836 17835 17816
17836 17816 17837
17836 17837 17838
17818 17828 17839
17818 17839 17840
17820 17818 17840
17840 17839 17841
17820 17840 17842
17804 17820 17842
17840 17841 17843
17842 17840 17843
17804 17842 17844
17804 17844 17789
17844 17842 17845
17842 17843 17845
17846 17789 17844
17844 17845 17846
17789 17846 17790
17847 17843 17841
17847 17841 17848
17849 17847 17848
17850 17845 17843
17846 17845 17850
17850 17843 17847
17851 17790 17846
17846 17850 17851
17851 17852 17790
17850 17853 17851
17852 17851 17853
17850 17847 17853
17852 17853 17854
17847 17855 17853
17854 17853 17855
17849 17855 17847
17854 17855 17856
17855 17857 17856
17849 17858 17855
17855 17858 17857
17849 17859 17858
17860 17857 17858
17858 17859 17861
17860 17858 17862
17858 17861 17862
17862 17863 17860
17864 17862 17861
17864 17863 17862
17864 17865 17863
17864 17866 17865
17866 17867 17865
17866 17868 17867
17869 17867 17868
17870 17871 17872
17870 17872 17873
17874 17870 17873
17874 17873 17875
17876 17874 17875
17876 17875 17877
17878 17876 17877
17878 17877 17879
17880 17878 17879
17880 17879 17881
17882 17880 17881
17882 17881 17883
17884 17882 17883
17884 17883 17885
17886 17884 17885
17886 17885 17887
17888 17886 17887
17888 17887 17889
17889 17890 17888
17889 17891 17890
17892 17890 17891
17892 17891 17893
17894 17892 17893
17894 17893 17895
17896 17894 17895
17896 17895 17897
17898 17896 17897
17898 17897 17899
17899 17900 17898
17899 17901 17900
17902 17900 17901
17902 17901 17903
17904 17902 17903
17904 17905 17902
17904 17906 17905
17904 17907 17906
17907 17908 17906
17907 17909 17908
17909 17910 17908
17909 17911 17910
17912 17910 17911
17912 17913 17910
17912 17914 17913
17912 17915 17914
17915 17916 17914
17915 17917 17916
17917 17918 17916
17917 17919 17918
17919 17920 17918
17919 17921 17920
17922 17920 17921
17922 17923 17920
17924 17923 17922
17924 17925 17923
17924 17926 17925
17924 17927 17926
17928 17926 17927
17928 17927 17929
17929 17930 17928
17929 17931 17930
17932 17933 17934
17932 17934 17935
17935 17934 17936
17935 17936 17937
17937 17936 17938
17937 17938 17939
17939 17938 17940
17939 17940 17941
17941 17940 17942
17941 17942 17943
17943 17942 17944
17943 17944 17945
17945 17944 17946
17945 17946 17947
17947 17946 17948
17947 17948 17949
17949 17948 17950
17949 17950 17951
17951 17950 17952
17951 17952 17953
17952 17954 17953
17952 17955 17954
17955 17956 17954
17955 17957 17956
17956 17957 17958
17956 17958 17959
17958 17960 17959
17958 17961 17960
17961 17962 17960
17961 17963 17962
17963 17964 17962
17963 17965 17964
17965 17966 17964
17965 17967 17966
17967 17968 17966
17967 17969 17968
17969 17970 17968
17969 17971 17970
17972 17970 17971
17972 17973 17970
17972 17974 17973
17972 17975 17974
17974 17975 17976
17974 17976 17977
17978 17979 17980
17978 17981 17979
17981 17978 17982
17983 17979 17981
17983 17984 17979
17981 17982 17985
17983 17981 17985
17983 17985 17986
17987 17985 17982
17987 17986 17985
17987 17988 17986
17988 17987 17989
17988 17989 17990
17991 17992 17993
17991 17994 17992
17994 17991 17995
17994 17995 17996
17996 17995 17997
17996 17997 17998
17997 17999 17998
17997 18000 17999
18001 17999 18000
18001 18000 18002
18002 18003 18001
18002 18004 18003
