byte offset: 0
first index: 0
index count: 16704
topology: trianglelist
format: DXGI_FORMAT_R16_UINT

0 1 2
3 4 5
6 7 8
9 10 11
12 13 14
15 16 17
18 19 20
21 22 23
24 25 26
27 28 26
27 26 29
30 31 32
33 34 31
33 35 34
36 37 38
39 40 36
39 41 40
42 43 44
45 46 43
45 43 47
48 49 50
48 51 49
51 48 52
51 53 49
51 52 54
51 55 53
55 51 54
56 54 52
56 52 57
53 55 58
53 58 59
55 54 60
56 60 54
60 58 55
57 61 56
57 62 61
61 62 63
59 58 64
59 64 65
66 65 64
66 67 65
66 68 67
66 69 68
70 68 69
60 71 58
56 72 60
72 71 60
58 73 64
58 71 73
56 74 72
56 61 74
72 75 71
75 72 74
76 71 75
76 73 71
77 64 73
77 66 64
75 74 78
76 75 78
79 74 61
79 78 74
80 73 76
80 77 73
76 78 81
80 76 81
79 61 82
61 63 82
79 83 78
83 81 78
63 84 82
63 85 84
84 85 86
87 79 82
83 79 87
87 82 84
84 88 87
84 86 89
84 89 88
90 89 86
90 91 89
91 88 89
91 92 88
88 92 93
83 87 94
94 87 88
88 93 95
94 88 95
96 95 93
94 97 83
83 97 81
98 94 95
94 98 97
96 99 95
98 95 99
100 81 97
80 81 100
101 99 96
101 96 102
103 101 102
98 104 97
100 97 104
105 98 99
105 99 101
98 105 104
106 80 100
104 106 100
105 107 104
104 107 106
101 108 105
105 108 107
103 109 101
101 109 108
107 108 110
109 110 108
103 111 109
103 112 111
113 111 112
114 109 111
109 114 110
114 115 110
107 110 116
107 116 106
116 110 115
113 117 111
114 111 117
118 117 113
114 117 119
114 119 115
118 120 117
120 119 117
120 118 121
120 122 119
115 119 122
120 121 123
122 120 123
121 124 123
121 125 124
126 124 125
122 123 127
124 127 123
126 128 124
129 128 126
124 130 127
130 124 128
131 122 127
130 131 127
115 122 132
131 132 122
130 128 133
130 134 131
134 130 133
135 132 131
135 131 134
136 115 132
135 136 132
136 137 115
116 115 137
129 138 128
138 133 128
139 136 135
139 137 136
137 140 116
140 106 116
139 141 137
137 141 140
142 141 139
140 141 142
140 143 106
106 143 80
143 77 80
140 144 143
140 142 144
143 145 77
144 145 143
145 66 77
144 146 145
142 146 144
145 147 66
146 147 145
66 147 148
148 69 66
148 149 69
70 69 149
150 148 147
148 150 149
146 151 147
150 147 151
70 149 152
70 152 153
151 146 154
142 154 146
149 150 155
149 155 152
156 150 151
151 154 156
156 155 150
153 152 157
153 157 158
142 159 154
159 156 154
152 155 160
152 160 157
155 156 161
159 161 156
155 161 160
162 158 157
162 163 158
157 160 164
157 164 162
165 160 161
165 164 160
166 163 162
166 167 163
162 164 168
162 168 166
167 166 169
167 169 170
171 161 159
171 165 161
172 164 165
172 168 164
173 166 168
173 169 166
170 169 174
170 174 175
176 165 171
176 172 165
172 176 177
168 172 178
168 178 173
172 177 178
159 179 171
179 176 171
169 173 180
169 180 174
181 173 178
181 178 177
181 180 173
175 174 182
175 182 183
184 180 181
181 177 184
185 174 180
185 182 174
184 185 180
159 186 179
142 186 159
142 139 186
186 139 187
186 187 179
139 135 187
188 183 182
188 189 183
189 188 190
189 190 191
192 190 188
192 188 193
193 188 182
194 192 193
193 182 195
185 195 182
194 193 196
196 193 195
196 197 194
198 195 185
196 195 198
196 199 197
198 199 196
197 199 200
197 200 201
200 202 201
198 185 203
203 185 184
198 204 199
199 204 200
203 205 198
184 205 203
198 205 204
200 206 202
207 202 206
184 208 205
177 208 184
209 204 205
209 205 208
200 204 210
210 206 200
204 209 210
207 206 211
211 212 207
210 213 206
213 211 206
177 214 208
209 208 215
215 208 214
210 209 216
215 216 209
217 213 210
217 210 216
218 214 177
177 176 218
219 218 176
179 219 176
219 179 187
213 217 220
216 221 217
217 221 220
215 222 216
216 222 221
223 222 215
223 221 222
215 214 224
223 215 224
218 225 214
224 214 225
219 226 218
218 226 225
213 220 227
213 227 211
228 220 221
223 228 221
229 227 220
228 229 220
224 225 230
231 223 224
231 224 230
223 232 228
223 231 232
225 233 230
225 226 233
230 234 231
230 233 234
228 235 229
228 232 235
236 232 231
236 231 234
232 237 235
232 236 237
229 238 227
229 235 239
229 239 238
227 238 240
227 240 211
241 235 237
241 239 235
238 239 242
238 242 240
211 240 243
211 243 212
244 212 243
244 245 212
243 246 244
243 240 246
247 246 240
247 240 242
242 248 247
239 249 242
242 249 248
239 241 249
250 248 249
251 249 241
250 249 251
251 241 252
252 241 237
250 251 253
250 253 254
255 254 253
256 253 251
256 251 252
255 253 257
256 257 253
257 258 255
252 237 259
236 259 237
257 260 258
261 258 260
261 260 262
252 259 263
252 263 256
236 264 259
263 259 264
264 236 234
260 257 265
256 265 257
262 260 266
260 265 266
262 266 267
266 268 267
265 256 269
269 256 263
270 266 265
266 270 268
270 265 269
268 270 271
268 271 272
273 271 270
273 270 269
272 271 274
274 271 273
272 274 275
276 275 274
276 277 275
274 278 276
274 279 278
274 273 279
129 278 279
129 279 280
273 280 279
280 138 129
273 269 281
273 281 280
138 280 282
280 281 282
281 269 283
263 283 269
138 282 284
138 284 133
281 285 282
281 283 285
286 283 263
263 264 286
283 286 287
264 287 286
283 287 285
288 284 282
288 282 285
284 289 133
284 288 289
134 133 289
264 290 287
264 234 290
233 290 234
285 287 291
285 291 288
291 287 290
233 292 290
291 290 292
292 233 226
288 291 293
288 293 289
293 291 292
289 294 134
289 293 294
135 134 294
187 135 294
292 226 295
293 292 295
295 294 293
295 226 219
219 187 296
187 294 296
295 296 294
295 219 296
297 298 299
297 299 300
301 297 300
300 299 302
301 300 303
300 302 304
304 303 300
305 301 303
305 306 301
302 307 304
302 308 307
304 309 303
305 303 309
309 304 307
310 306 305
310 311 306
310 312 311
308 313 307
308 314 313
315 313 314
315 314 316
315 316 317
315 317 318
319 318 317
309 307 320
305 309 321
321 309 320
307 313 322
307 322 320
305 321 323
305 323 310
321 320 324
324 323 321
325 324 320
325 320 322
326 322 313
326 313 315
324 327 323
325 327 324
310 323 328
328 323 327
329 325 322
329 322 326
325 330 327
329 330 325
310 328 331
310 331 312
328 327 332
332 327 330
333 312 331
333 334 312
333 335 334
336 331 328
332 336 328
336 333 331
333 336 337
333 338 335
333 337 338
339 335 338
339 338 340
340 338 337
340 337 341
337 342 341
332 343 336
343 337 336
337 344 342
343 344 337
345 342 344
343 332 346
332 330 346
347 344 343
343 346 347
345 344 348
347 348 344
349 346 330
329 349 330
350 345 348
350 351 345
350 352 351
347 346 353
349 353 346
354 348 347
354 350 348
347 353 354
355 349 329
353 349 355
356 354 353
353 355 356
357 350 354
356 357 354
350 358 352
357 358 350
356 359 357
359 358 357
352 358 360
352 360 361
362 361 360
363 360 358
359 363 358
364 363 359
356 365 359
356 355 365
364 359 365
362 360 366
363 366 360
367 362 366
363 368 366
364 368 363
367 366 369
369 366 368
370 367 369
369 368 371
364 371 368
370 369 372
371 372 369
370 372 373
370 373 374
373 375 374
371 376 372
373 372 376
373 377 375
377 378 375
373 376 379
379 377 373
380 376 371
379 376 380
364 381 371
380 371 381
379 382 377
379 380 383
383 382 379
384 380 381
384 383 380
385 381 364
384 381 385
385 364 386
364 365 386
377 387 378
387 377 382
388 384 385
386 388 385
389 386 365
389 365 355
386 390 388
389 390 386
391 388 390
389 391 390
392 389 355
355 329 392
392 329 326
392 393 389
389 393 391
392 326 394
393 392 394
394 326 315
393 394 395
391 393 395
394 315 396
395 394 396
315 397 396
397 315 318
397 318 398
319 398 318
399 396 397
397 398 399
395 396 400
399 400 396
319 401 398
319 402 401
400 403 395
391 395 403
398 404 399
398 401 404
405 400 399
400 405 403
405 399 404
402 406 401
402 407 406
391 403 408
408 403 405
401 409 404
401 406 409
404 410 405
408 405 410
404 409 410
411 406 407
411 407 412
406 413 409
406 411 413
414 410 409
414 409 413
415 411 412
415 412 416
411 417 413
411 415 417
416 418 415
416 419 418
420 408 410
420 410 414
421 414 413
421 413 417
422 417 415
422 415 418
419 423 418
419 424 423
425 420 414
425 414 421
421 426 425
417 427 421
417 422 427
421 427 426
408 420 428
428 420 425
418 429 422
418 423 429
430 427 422
430 426 427
430 422 429
424 431 423
424 432 431
433 430 429
430 433 426
434 429 423
434 423 431
433 429 434
408 428 435
391 408 435
391 435 388
435 436 388
435 428 436
388 436 384
437 431 432
437 432 438
438 439 437
438 440 439
441 437 439
441 442 437
442 431 437
443 442 441
442 444 431
434 431 444
443 445 442
445 444 442
445 443 446
447 434 444
445 447 444
445 446 448
447 445 448
446 449 448
446 450 449
449 450 451
447 452 434
452 433 434
447 448 453
448 449 453
452 447 454
433 452 454
447 453 454
449 451 455
456 455 451
433 454 457
426 433 457
458 454 453
458 457 454
453 449 459
455 459 449
453 459 458
456 460 455
460 456 461
455 462 459
462 455 460
426 457 463
458 464 457
464 463 457
458 459 465
464 458 465
466 459 462
466 465 459
467 426 463
426 467 425
468 425 467
428 425 468
468 436 428
462 469 466
465 466 470
466 469 470
464 465 471
465 470 471
472 464 471
472 471 470
464 473 463
472 473 464
467 463 474
473 474 463
468 467 475
467 474 475
462 476 469
462 460 476
477 470 469
472 470 477
478 469 476
477 469 478
473 479 474
480 473 472
480 479 473
472 477 481
472 481 480
474 479 482
474 482 475
483 479 480
483 482 479
477 478 484
477 484 481
485 480 481
485 483 480
481 484 486
481 486 485
478 476 487
478 488 484
478 487 488
476 489 487
476 460 489
490 486 484
490 484 488
487 491 488
487 489 491
460 492 489
460 461 492
493 492 461
493 461 494
492 493 495
492 495 489
496 489 495
496 491 489
491 496 497
488 491 498
491 497 498
488 498 490
499 498 497
500 490 498
499 500 498
500 501 490
501 486 490
499 502 500
499 503 502
504 502 503
505 500 502
505 501 500
504 506 502
505 502 506
507 506 504
501 508 486
485 486 508
507 509 506
510 509 507
510 511 509
501 512 508
501 505 512
485 508 513
513 508 512
513 483 485
509 514 506
505 506 514
515 509 511
509 515 514
515 511 516
515 516 517
514 518 505
518 512 505
519 514 515
515 517 519
519 518 514
517 520 519
517 521 520
519 520 522
519 522 518
523 520 521
522 520 523
523 521 524
525 523 524
525 524 526
523 525 527
523 527 528
522 523 528
378 528 527
378 529 528
522 528 529
529 378 387
522 530 518
522 529 530
531 529 387
529 531 530
530 532 518
512 518 532
531 387 533
387 382 533
530 531 534
530 534 532
535 512 532
513 512 535
532 536 535
513 535 536
532 534 536
533 382 537
383 537 382
538 531 533
538 534 531
533 537 538
513 536 539
513 539 483
482 483 539
534 540 536
534 538 540
540 539 536
482 539 541
540 541 539
541 475 482
538 542 540
538 537 542
542 541 540
537 383 543
537 543 542
384 543 383
543 384 436
541 544 475
542 544 541
543 544 542
544 468 475
468 545 436
543 436 545
543 545 544
544 545 468
546 547 548
546 549 547
550 547 549
550 551 547
552 551 550
552 553 551
552 554 553
552 555 554
554 555 556
554 556 557
558 559 560
558 561 559
562 559 561
562 563 559
564 563 562
564 565 563
564 566 565
564 567 566
568 566 567
568 569 566
570 571 572
570 573 571
574 571 573
574 575 571
576 575 574
576 577 575
576 578 577
576 579 578
578 579 580
578 580 581
582 583 584
582 585 583
585 586 583
587 585 582
585 588 586
588 589 586
587 590 585
590 588 585
588 591 589
591 592 589
591 593 592
591 594 593
595 594 591
595 596 594
597 591 588
590 597 588
597 595 591
598 590 587
599 598 587
598 599 600
598 601 590
601 597 590
598 600 602
601 598 602
602 600 603
602 603 604
604 603 605
601 602 606
606 602 604
601 607 597
607 601 606
604 605 608
609 608 605
607 610 597
610 595 597
607 606 611
610 607 611
606 604 612
612 604 608
611 606 612
613 612 608
611 612 613
609 613 608
614 611 613
610 611 614
614 613 609
615 610 614
610 615 595
616 614 609
615 614 616
615 617 595
617 615 616
616 609 618
618 609 619
617 620 595
620 596 595
620 621 596
617 616 622
620 617 622
622 616 618
621 620 623
620 622 623
621 623 624
618 619 625
626 625 619
622 618 627
623 622 627
627 618 625
624 623 628
624 628 626
623 627 628
628 627 625
626 628 625
629 630 631
629 631 632
633 629 632
633 632 634
635 633 634
635 636 633
637 638 639
637 639 640
641 637 640
641 640 642
643 641 642
643 644 641
645 646 647
645 647 648
649 645 648
649 648 650
651 649 650
651 652 649
653 654 655
653 656 654
656 657 654
658 656 653
656 659 657
659 660 657
658 661 656
661 659 656
659 662 660
662 663 660
662 664 663
662 665 664
666 665 662
666 667 665
668 662 659
661 668 659
668 666 662
669 661 658
670 669 658
669 670 671
669 672 661
672 668 661
669 671 673
672 669 673
673 671 674
673 674 675
675 674 676
672 673 677
677 673 675
672 678 668
678 672 677
675 676 679
680 679 676
678 681 668
681 666 668
678 677 682
681 678 682
677 675 683
683 675 679
682 677 683
684 683 679
682 683 684
680 684 679
685 682 684
681 682 685
685 684 680
686 681 685
681 686 666
687 685 680
686 685 687
686 688 666
688 686 687
687 680 689
689 680 690
688 691 666
691 667 666
691 692 667
688 687 693
691 688 693
693 687 689
692 691 694
691 693 694
692 694 695
689 690 696
697 696 690
693 689 698
694 693 698
698 689 696
695 694 699
695 699 697
694 698 699
699 698 696
697 699 696
700 701 702
700 703 701
703 704 701
705 703 700
703 706 704
706 707 704
705 708 703
708 706 703
706 709 707
709 710 707
709 711 710
709 712 711
713 712 709
713 714 712
715 709 706
708 715 706
715 713 709
716 708 705
717 716 705
716 717 718
716 719 708
719 715 708
716 718 720
719 716 720
720 718 721
720 721 722
722 721 723
719 720 724
724 720 722
719 725 715
725 719 724
722 723 726
727 726 723
725 728 715
728 713 715
725 724 729
728 725 729
724 722 730
730 722 726
729 724 730
731 730 726
729 730 731
727 731 726
732 729 731
728 729 732
732 731 727
733 728 732
728 733 713
734 732 727
733 732 734
733 735 713
735 733 734
734 727 736
736 727 737
735 738 713
738 714 713
738 739 714
735 734 740
738 735 740
740 734 736
739 738 741
738 740 741
739 741 742
736 737 743
744 743 737
740 736 745
741 740 745
745 736 743
742 741 746
742 746 744
741 745 746
746 745 743
744 746 743
747 748 749
747 750 748
751 750 747
751 752 750
753 752 751
753 751 754
755 756 757
755 757 758
758 757 759
760 755 758
760 761 755
758 759 762
760 758 762
762 759 763
762 763 764
762 764 765
766 762 765
760 762 766
766 765 767
768 761 760
768 769 761
770 760 766
768 760 770
771 766 767
770 766 771
771 767 772
771 772 773
771 773 774
770 771 774
770 774 775
770 775 776
770 776 768
768 776 777
768 777 778
768 778 769
769 778 779
779 778 780
780 778 781
780 781 782
780 782 783
783 782 784
783 784 785
785 784 786
785 786 787
787 786 788
787 788 789
790 789 788
790 788 791
792 790 791
792 791 793
794 792 793
794 793 795
796 794 795
796 795 797
798 796 797
798 797 799
800 798 799
800 799 801
802 800 801
802 801 803
804 802 803
804 803 805
806 804 805
806 805 807
806 807 808
806 808 809
810 809 808
810 808 811
812 810 811
812 811 813
814 812 813
814 813 815
816 814 815
816 815 817
818 816 817
819 816 818
818 820 819
818 821 820
818 822 821
821 823 820
824 821 822
824 822 825
821 826 823
821 824 826
826 827 823
828 824 825
828 825 829
828 829 830
828 830 831
828 831 832
824 828 833
828 832 833
824 833 826
833 832 834
833 834 835
826 833 835
835 834 836
835 836 837
838 835 837
826 835 839
839 835 838
826 839 827
840 839 838
827 839 840
827 840 841
842 843 844
842 845 843
845 846 843
845 847 846
847 848 846
847 849 848
850 848 849
851 852 853
851 854 852
855 854 851
855 851 856
855 856 857
855 857 858
858 857 859
858 859 860
861 860 859
861 859 862
863 861 862
863 862 864
863 864 865
863 865 866
866 865 867
866 867 868
868 867 869
868 869 870
870 869 871
870 871 872
873 872 871
873 871 874
875 873 874
875 874 876
876 877 875
876 878 877
878 879 877
880 881 882
880 882 883
884 880 883
882 885 883
884 883 886
887 884 886
888 887 886
886 889 888
890 889 886
883 890 886
883 891 890
883 892 891
883 885 892
885 893 892
894 893 885
894 895 893
895 894 896
895 896 897
898 895 897
895 899 893
898 899 895
893 899 900
898 901 899
902 899 901
901 903 902
901 904 903
904 905 903
906 904 901
904 907 905
906 908 904
908 907 904
909 908 906
910 908 909
908 911 907
910 912 908
911 908 912
911 912 913
914 915 916
914 917 915
918 917 914
917 918 919
917 919 920
920 919 921
919 922 921
923 922 919
923 919 924
924 925 923
926 925 924
925 927 923
928 929 930
931 930 929
931 932 930
933 932 931
933 931 934
935 933 934
935 934 936
937 938 939
940 938 937
940 941 938
941 940 942
941 942 943
944 943 942
944 945 943
946 945 944
946 944 947
948 946 947
948 947 949
950 948 949
950 951 948
952 951 950
952 953 951
952 954 953
954 955 953
955 954 956
953 955 957
958 959 960
958 960 961
962 958 961
962 963 958
964 963 962
964 965 963
966 965 964
967 968 969
967 970 968
971 970 967
971 967 972
971 972 973
974 975 976
974 977 975
978 977 974
978 974 979
980 981 982
981 980 983
984 985 986
987 986 985
987 985 988
989 987 988
989 990 987
990 989 991
990 991 992
993 992 991
993 991 994
995 993 994
995 996 993
997 996 995
997 998 996
999 998 997
999 1000 998
1001 1000 999
1001 1002 1000
1003 1002 1001
1003 1004 1002
1005 1004 1003
1005 1006 1004
1007 1006 1005
1007 1008 1006
1009 1008 1007
1009 1010 1008
1009 1011 1010
1009 1012 1011
1013 1014 1015
1013 1015 1016
1017 1016 1015
1017 1015 1018
1019 1017 1018
1019 1018 1020
1020 1021 1019
1022 1023 1024
1022 1024 1025
1025 1024 1026
1025 1026 1027
1026 1028 1027
1026 1029 1028
1029 1030 1028
1031 1032 1033
1031 1034 1032
1031 1035 1034
1036 1034 1035
1036 1037 1034
1038 1039 1040
1038 1041 1039
1041 1038 1042
1043 1039 1041
1041 1042 1044
1043 1041 1045
1045 1041 1044
1045 1046 1043
1045 1044 1047
1045 1048 1046
1047 1048 1045
1047 1049 1048
1048 1050 1046
1049 1050 1048
1050 1049 1051
1050 1051 1052
1052 1051 1053
1054 1055 1056
1054 1057 1055
1057 1058 1055
1057 1059 1058
1059 1060 1058
1059 1061 1060
1061 1062 1060
1061 1063 1062
1064 1062 1063
1064 1063 1065
1064 1065 1066
1067 1068 1069
1067 1069 1070
1071 1067 1070
1071 1070 1072
1073 1074 1075
1073 1076 1074
1077 1074 1076
1077 1076 1078
1078 1076 1079
1079 1076 1080
1076 1073 1080
1080 1081 1079
1080 1082 1081
1081 1082 1083
1081 1083 1084
1084 1083 1085
1086 1084 1085
1086 1085 1087
1086 1087 1088
1082 1080 1089
1089 1080 1090
1080 1073 1090
1091 1090 1073
1092 1090 1091
1089 1090 1093
1093 1090 1092
1093 1094 1089
1092 1094 1093
1092 1095 1094
1096 1095 1092
1096 1092 1091
1097 1096 1091
1097 1091 1098
1097 1098 1099
1099 1098 1100
1098 1091 1100
1099 1100 1101
1101 1102 1099
1103 1101 1100
1104 1101 1103
1101 1104 1102
1102 1104 1105
1105 1104 1106
1107 1105 1106
1104 1103 1108
1106 1104 1108
1091 1109 1100
1109 1091 1110
1091 1073 1110
1109 1111 1100
1103 1100 1111
1110 1111 1109
1110 1103 1111
1112 1110 1073
1103 1110 1112
1112 1073 1113
1112 1113 1114
1103 1112 1115
1116 1103 1115
1108 1103 1116
1117 1108 1116
1106 1108 1117
1118 1117 1116
1119 1106 1117
1107 1106 1119
1120 1117 1118
1119 1117 1120
1120 1118 1121
1120 1121 1122
1123 1107 1119
1123 1119 1120
1124 1120 1122
1123 1120 1124
1124 1122 1125
1124 1125 1126
1107 1123 1127
1127 1123 1124
1107 1127 1128
1128 1127 1129
1124 1126 1130
1127 1124 1130
1130 1126 1131
1129 1127 1132
1132 1127 1130
1133 1129 1132
1130 1131 1134
1132 1130 1134
1133 1132 1135
1135 1132 1134
1135 1136 1133
1137 1134 1131
1135 1134 1137
1137 1131 1138
1137 1138 1139
1135 1137 1139
1140 1139 1138
1135 1139 1141
1136 1135 1141
1136 1141 1142
1142 1143 1136
1144 1145 1146
1144 1147 1145
1147 1144 1148
1147 1148 1149
1148 1150 1149
1148 1151 1150
1150 1151 1152
1150 1152 1153
1154 1153 1152
1154 1152 1155
1156 1157 1158
1156 1158 1159
1160 1161 1162
1160 1162 1163
1164 1163 1162
1164 1162 1165
1166 1164 1165
1166 1165 1167
1168 1166 1167
1168 1169 1166
1170 1169 1168
1170 1168 1171
1172 1173 1174
1172 1175 1173
1173 1175 1176
1177 1178 1179
1177 1179 1180
1177 1180 1181
1182 1183 1184
1182 1184 1185
1186 1182 1185
1186 1185 1187
1188 1186 1187
1188 1187 1189
1190 1188 1189
1190 1191 1188
1190 1192 1191
1190 1193 1192
1192 1193 1194
1192 1194 1195
1195 1194 1196
1195 1196 1197
1197 1196 1198
1197 1198 1199
1198 1196 1200
1201 1202 1203
1201 1203 1204
1203 1205 1204
1201 1204 1206
1207 1206 1204
1207 1208 1206
1207 1209 1208
1208 1209 1210
1210 1209 1211
1209 1207 1212
1211 1209 1213
1209 1212 1213
1211 1213 1214
1215 1213 1212
1214 1213 1215
1215 1212 1216
1217 1215 1216
1214 1215 1218
1218 1215 1217
1217 1216 1219
1218 1217 1220
1217 1219 1221
1217 1222 1220
1217 1221 1223
1217 1223 1222
1223 1221 1224
1223 1225 1222
1223 1224 1226
1223 1226 1225
1226 1224 1227
1225 1226 1228
1226 1227 1228
1225 1228 1229
1228 1227 1230
1229 1228 1231
1228 1230 1231
1229 1231 1232
1231 1230 1233
1234 1233 1230
1232 1231 1235
1232 1235 1236
1235 1237 1236
1231 1238 1235
1238 1231 1233
1235 1239 1237
1238 1239 1235
1237 1239 1240
1240 1239 1241
1242 1241 1239
1238 1242 1239
1238 1243 1242
1244 1243 1238
1238 1233 1244
1244 1245 1243
1233 1245 1244
1234 1246 1233
1233 1246 1245
1246 1247 1245
1248 1246 1234
1249 1247 1246
1248 1249 1246
1249 1250 1247
1251 1250 1249
1252 1251 1249
1248 1252 1249
1252 1253 1251
1254 1253 1252
1254 1255 1253
1256 1255 1254
1256 1257 1255
1256 1258 1257
1259 1258 1256
1260 1252 1248
1254 1252 1260
1260 1248 1261
1261 1248 1262
1263 1261 1262
1263 1264 1261
1264 1260 1261
1265 1264 1263
1254 1260 1266
1264 1266 1260
1265 1267 1264
1268 1267 1265
1269 1254 1266
1256 1254 1269
1270 1256 1269
1271 1266 1264
1269 1266 1271
1271 1264 1267
1270 1269 1271
1268 1272 1267
1272 1271 1267
1273 1272 1268
1274 1256 1270
1275 1274 1270
1259 1256 1274
1275 1259 1274
1275 1276 1259
1276 1275 1277
1278 1277 1275
1278 1275 1279
1280 1278 1279
1272 1281 1271
1270 1271 1281
1275 1270 1282
1279 1275 1282
1283 1270 1281
1283 1281 1272
1283 1282 1270
1280 1279 1284
1285 1280 1284
1285 1284 1286
1279 1282 1287
1287 1282 1283
1284 1279 1287
1283 1272 1288
1287 1283 1288
1273 1288 1272
1286 1284 1289
1284 1287 1289
1286 1289 1290
1291 1288 1273
1287 1288 1291
1289 1287 1291
1291 1273 1292
1293 1291 1292
1289 1291 1293
1290 1289 1293
1290 1293 1294
1295 1296 1297
1298 1296 1295
1298 1299 1296
1300 1299 1298
1296 1299 1301
1302 1299 1300
1302 1303 1299
1301 1299 1304
1299 1303 1305
1299 1305 1304
1304 1305 1306
1307 1308 1309
1308 1307 1310
1308 1310 1311
1310 1312 1311
1310 1313 1312
1312 1313 1314
1315 1316 1317
1315 1318 1316
1319 1316 1318
1319 1318 1320
1321 1319 1320
1321 1320 1322
1323 1324 1325
1323 1326 1324
1324 1326 1327
1324 1327 1328
1329 1328 1327
1329 1330 1328
1331 1332 1333
1334 1333 1332
1335 1333 1334
1335 1336 1333
1337 1336 1335
1337 1335 1338
1339 1337 1338
1340 1341 1342
1341 1340 1343
1341 1343 1344
1344 1343 1345
1344 1345 1346
1346 1345 1347
1346 1347 1348
1349 1348 1347
1349 1350 1348
1351 1352 1353
1351 1354 1352
1355 1354 1351
1355 1356 1354
1355 1357 1356
1355 1358 1357
1358 1359 1357
1358 1360 1359
1361 1359 1360
1361 1362 1359
1363 1364 1365
1363 1365 1366
1367 1368 1369
1367 1370 1368
1368 1370 1371
1372 1373 1374
1375 1373 1372
1375 1372 1376
1377 1375 1376
1377 1378 1375
1379 1375 1378
1380 1373 1375
1379 1380 1375
1380 1381 1373
1379 1382 1380
1379 1383 1382
1384 1382 1383
1384 1385 1382
1386 1381 1380
1380 1382 1386
1382 1385 1386
1387 1381 1386
1386 1385 1388
1388 1387 1386
1389 1390 1391
1389 1392 1390
1393 1392 1389
1393 1389 1394
1395 1393 1394
1395 1394 1396
1397 1395 1396
1397 1396 1398
1399 1397 1398
1399 1398 1400
1401 1399 1400
1401 1400 1402
1403 1401 1402
1403 1402 1404
1405 1403 1404
1405 1406 1403
1407 1406 1405
1407 1408 1406
1409 1408 1407
1409 1410 1408
1410 1409 1411
1411 1409 1412
1413 1414 1415
1413 1416 1414
1417 1414 1416
1417 1418 1414
1419 1418 1417
1420 1418 1419
1420 1419 1421
1420 1421 1422
1423 1422 1421
1424 1425 1426
1427 1424 1426
1427 1428 1424
1429 1428 1427
1429 1430 1428
1431 1430 1429
1432 1433 1434
1432 1434 1435
1435 1436 1432
1437 1435 1434
1437 1434 1438
1435 1437 1439
1435 1440 1436
1435 1439 1440
1440 1441 1436
1439 1442 1440
1440 1442 1441
1443 1442 1439
1442 1444 1441
1443 1444 1442
1441 1444 1445
1446 1444 1443
1445 1444 1447
1446 1447 1444
1445 1447 1448
1446 1448 1447
1446 1449 1448
1450 1448 1449
1445 1448 1451
1450 1452 1448
1451 1448 1453
1448 1452 1453
1454 1453 1452
1451 1453 1455
1453 1454 1456
1453 1456 1455
1455 1456 1457
1457 1456 1458
1459 1457 1458
1460 1457 1459
1461 1460 1459
1462 1461 1459
1463 1460 1461
1464 1461 1462
1465 1461 1464
1465 1464 1466
1466 1467 1465
1465 1467 1468
1469 1465 1468
1470 1463 1461
1465 1470 1461
1470 1471 1463
1472 1471 1470
1473 1472 1470
1474 1470 1465
1474 1473 1470
1469 1474 1465
1474 1475 1473
1469 1475 1474
1469 1476 1475
1477 1478 1479
1477 1480 1478
1481 1480 1477
1481 1477 1482
1481 1482 1483
1481 1483 1484
1483 1485 1484
1483 1486 1485
1487 1485 1486
1487 1488 1485
1487 1489 1488
1487 1490 1489
1490 1491 1489
1490 1492 1491
1493 1491 1492
1493 1494 1491
1495 1494 1493
1495 1496 1494
1497 1496 1495
1497 1498 1496
1499 1498 1497
1499 1500 1498
1501 1500 1499
1501 1502 1500
1503 1502 1501
1503 1501 1504
1505 1503 1504
1505 1504 1506
1507 1505 1506
1507 1508 1505
1509 1508 1507
1509 1510 1508
1511 1510 1509
1511 1509 1512
1513 1511 1512
1513 1512 1514
1515 1513 1514
1515 1514 1516
1517 1515 1516
1517 1516 1518
1518 1519 1517
1518 1520 1519
1521 1519 1520
1521 1522 1519
1523 1522 1521
1523 1524 1522
1525 1524 1523
1525 1523 1526
1527 1525 1526
1527 1528 1525
1529 1528 1527
1529 1530 1528
1531 1530 1529
1531 1532 1530
1533 1532 1531
1533 1534 1532
1535 1534 1533
1535 1536 1534
1537 1538 1539
1539 1538 1540
1539 1540 1541
1542 1543 1544
1542 1544 1545
1542 1545 1546
1542 1546 1547
1548 1547 1546
1544 1549 1545
1546 1545 1549
1544 1550 1549
1546 1549 1551
1548 1546 1552
1548 1552 1553
1552 1554 1553
1551 1555 1546
1551 1556 1555
1556 1557 1555
1555 1557 1558
1559 1558 1557
1559 1560 1558
1561 1558 1560
1559 1562 1560
1560 1562 1563
1564 1555 1558
1561 1564 1558
1565 1546 1555
1564 1565 1555
1566 1552 1546
1565 1566 1546
1567 1561 1560
1560 1568 1567
1560 1563 1568
1567 1568 1569
1563 1570 1568
1569 1568 1570
1571 1569 1570
1569 1571 1572
1569 1572 1573
1573 1567 1569
1573 1574 1567
1574 1575 1567
1567 1575 1576
1577 1567 1576
1578 1567 1577
1567 1578 1561
1577 1579 1578
1579 1580 1578
1561 1578 1580
1561 1580 1581
1582 1581 1580
1583 1561 1581
1583 1564 1561
1582 1584 1581
1584 1583 1581
1564 1583 1585
1564 1585 1565
1586 1584 1582
1586 1582 1587
1583 1584 1588
1583 1588 1585
1586 1588 1584
1565 1585 1589
1588 1589 1585
1565 1589 1566
1590 1586 1587
1590 1588 1586
1590 1587 1591
1592 1590 1591
1590 1593 1588
1588 1593 1589
1592 1594 1590
1593 1590 1594
1595 1594 1592
1589 1593 1596
1593 1594 1596
1566 1589 1597
1589 1596 1597
1595 1598 1594
1596 1594 1598
1566 1597 1599
1566 1599 1552
1599 1554 1552
1597 1596 1600
1600 1596 1598
1599 1597 1600
1601 1598 1595
1601 1600 1598
1601 1595 1602
1603 1601 1602
1603 1602 1604
1603 1604 1605
1605 1606 1603
1599 1607 1554
1599 1600 1607
1607 1600 1601
1608 1554 1607
1607 1601 1609
1608 1607 1609
1603 1609 1601
1608 1609 1610
1609 1603 1610
1608 1610 1611
1610 1612 1611
1613 1603 1606
1610 1603 1613
1613 1606 1614
1613 1614 1615
1613 1615 1616
1616 1615 1617
1616 1617 1618
1616 1618 1619
1616 1619 1620
1616 1620 1621
1612 1622 1621
1610 1622 1612
1610 1613 1622
1616 1621 1622
1622 1613 1616
1623 1624 1625
1623 1625 1626
1626 1625 1627
1623 1626 1628
1629 1623 1628
1626 1627 1630
1631 1630 1627
1631 1632 1630
1633 1630 1632
1634 1626 1630
1633 1634 1630
1634 1628 1626
1633 1635 1634
1636 1634 1635
1634 1636 1637
1634 1637 1628
1637 1638 1628
1638 1629 1628
1639 1629 1638
1640 1639 1638
1640 1641 1639
1640 1642 1641
1642 1643 1641
1642 1644 1643
1645 1641 1643
1645 1643 1646
1646 1647 1645
1645 1647 1648
1645 1648 1649
1650 1648 1647
1651 1649 1648
1650 1652 1648
1653 1652 1650
1653 1654 1652
1651 1648 1655
1652 1655 1648
1656 1651 1655
1657 1656 1655
1654 1658 1652
1652 1658 1655
1657 1655 1658
1654 1659 1658
1657 1658 1660
1661 1658 1659
1661 1660 1658
1662 1663 1664
1662 1665 1663
1666 1665 1662
1666 1667 1665
1668 1667 1666
1668 1669 1667
1670 1669 1668
1670 1671 1669
1672 1671 1670
1672 1673 1671
1674 1673 1672
1674 1675 1673
1676 1675 1674
1676 1677 1675
1676 1678 1677
1676 1679 1678
1680 1678 1679
1680 1681 1678
1682 1683 1684
1682 1685 1683
1686 1685 1682
1686 1687 1685
1688 1687 1686
1688 1689 1687
1690 1689 1688
1690 1691 1689
1690 1692 1691
1692 1693 1691
1694 1693 1692
1695 1692 1690
1696 1694 1692
1695 1696 1692
1697 1694 1696
1695 1697 1696
1698 1697 1695
1698 1699 1697
1700 1699 1698
1700 1701 1699
1702 1701 1700
1702 1703 1701
1702 1704 1703
1702 1705 1704
1706 1707 1708
1706 1709 1707
1710 1709 1706
1710 1711 1709
1710 1712 1711
1713 1712 1710
1713 1714 1712
1715 1714 1713
1715 1716 1714
1717 1716 1715
1717 1718 1716
1719 1718 1717
1719 1720 1718
1721 1720 1719
1721 1722 1720
1723 1722 1721
1723 1724 1722
1725 1726 1727
1725 1727 1728
1729 1728 1727
1729 1727 1730
1730 1731 1729
1730 1732 1731
1731 1732 1733
1731 1733 1734
1733 1735 1734
1733 1736 1735
1737 1738 1739
1737 1739 1740
1741 1740 1739
1741 1739 1742
1742 1743 1741
1742 1744 1743
1743 1744 1745
1743 1745 1746
1747 1746 1745
1747 1745 1748
1749 1750 1751
1749 1751 1752
1753 1752 1751
1753 1751 1754
1754 1755 1753
1754 1756 1755
1755 1756 1757
1755 1757 1758
1757 1759 1758
1757 1760 1759
1761 1762 1763
1761 1763 1764
1764 1763 1765
1766 1761 1764
1764 1765 1767
1767 1765 1768
1766 1764 1769
1769 1764 1767
1767 1768 1770
1770 1768 1771
1770 1771 1772
1770 1772 1773
1774 1770 1773
1774 1773 1775
1776 1767 1770
1769 1767 1776
1776 1770 1774
1777 1766 1769
1778 1766 1777
1777 1779 1778
1777 1769 1780
1780 1769 1776
1777 1781 1779
1780 1781 1777
1781 1782 1779
1781 1783 1782
1783 1784 1782
1780 1785 1781
1785 1783 1781
1780 1776 1786
1786 1785 1780
1783 1787 1784
1788 1784 1787
1786 1776 1789
1789 1776 1774
1786 1790 1785
1789 1790 1786
1785 1791 1783
1791 1787 1783
1790 1791 1785
1792 1787 1791
1790 1792 1791
1788 1787 1792
1793 1792 1790
1789 1793 1790
1793 1788 1792
1794 1793 1789
1789 1774 1794
1795 1788 1793
1794 1795 1793
1794 1774 1796
1796 1795 1794
1795 1797 1788
1797 1798 1788
1796 1774 1799
1799 1774 1775
1799 1775 1800
1796 1801 1795
1799 1801 1796
1801 1797 1795
1800 1802 1799
1799 1802 1801
1800 1803 1802
1797 1804 1798
1805 1798 1804
1801 1806 1797
1802 1806 1801
1806 1804 1797
1803 1805 1807
1803 1807 1802
1802 1807 1806
1807 1804 1806
1805 1804 1807
1808 1809 1810
1808 1811 1809
1812 1811 1808
1812 1813 1811
1814 1813 1812
1814 1812 1815
1816 1817 1818
1816 1819 1817
1820 1819 1816
1820 1821 1819
1822 1821 1820
1822 1820 1823
1824 1825 1826
1824 1827 1825
1828 1827 1824
1828 1829 1827
1830 1829 1828
1830 1828 1831
1832 1833 1834
1832 1834 1835
1835 1834 1836
1837 1832 1835
1835 1836 1838
1838 1836 1839
1837 1835 1840
1840 1835 1838
1838 1839 1841
1841 1839 1842
1841 1842 1843
1841 1843 1844
1845 1841 1844
1845 1844 1846
1847 1838 1841
1840 1838 1847
1847 1841 1845
1848 1837 1840
1849 1837 1848
1848 1850 1849
1848 1840 1851
1851 1840 1847
1848 1852 1850
1851 1852 1848
1852 1853 1850
1852 1854 1853
1854 1855 1853
1851 1856 1852
1856 1854 1852
1851 1847 1857
1857 1856 1851
1854 1858 1855
1859 1855 1858
1857 1847 1860
1860 1847 1845
1857 1861 1856
1860 1861 1857
1856 1862 1854
1862 1858 1854
1861 1862 1856
1863 1858 1862
1861 1863 1862
1859 1858 1863
1864 1863 1861
1860 1864 1861
1864 1859 1863
1865 1864 1860
1860 1845 1865
1866 1859 1864
1865 1866 1864
1865 1845 1867
1867 1866 1865
1866 1868 1859
1868 1869 1859
1867 1845 1870
1870 1845 1846
1870 1846 1871
1867 1872 1866
1870 1872 1867
1872 1868 1866
1871 1873 1870
1870 1873 1872
1871 1874 1873
1868 1875 1869
1876 1869 1875
1872 1877 1868
1873 1877 1872
1877 1875 1868
1874 1876 1878
1874 1878 1873
1873 1878 1877
1878 1875 1877
1876 1875 1878
1879 1880 1881
1879 1881 1882
1882 1881 1883
1884 1879 1882
1882 1883 1885
1885 1883 1886
1884 1882 1887
1887 1882 1885
1885 1886 1888
1888 1886 1889
1888 1889 1890
1888 1890 1891
1892 1888 1891
1892 1891 1893
1894 1885 1888
1887 1885 1894
1894 1888 1892
1895 1884 1887
1896 1884 1895
1895 1897 1896
1895 1887 1898
1898 1887 1894
1895 1899 1897
1898 1899 1895
1899 1900 1897
1899 1901 1900
1901 1902 1900
1898 1903 1899
1903 1901 1899
1898 1894 1904
1904 1903 1898
1901 1905 1902
1906 1902 1905
1904 1894 1907
1907 1894 1892
1904 1908 1903
1907 1908 1904
1903 1909 1901
1909 1905 1901
1908 1909 1903
1910 1905 1909
1908 1910 1909
1906 1905 1910
1911 1910 1908
1907 1911 1908
1911 1906 1910
1912 1911 1907
1907 1892 1912
1913 1906 1911
1912 1913 1911
1912 1892 1914
1914 1913 1912
1913 1915 1906
1915 1916 1906
1914 1892 1917
1917 1892 1893
1917 1893 1918
1914 1919 1913
1917 1919 1914
1919 1915 1913
1918 1920 1917
1917 1920 1919
1918 1921 1920
1915 1922 1916
1923 1916 1922
1919 1924 1915
1920 1924 1919
1924 1922 1915
1921 1923 1925
1921 1925 1920
1920 1925 1924
1925 1922 1924
1923 1922 1925
1926 1927 1928
1926 1928 1929
1930 1926 1929
1930 1929 1931
1932 1930 1931
1932 1933 1930
1934 1935 1936
1934 1937 1935
1937 1938 1935
1939 1937 1934
1939 1934 1940
1937 1941 1938
1939 1941 1937
1941 1942 1938
1941 1943 1942
1941 1944 1943
1945 1944 1941
1939 1945 1941
1945 1946 1944
1947 1939 1940
1947 1940 1948
1949 1945 1939
1947 1949 1939
1950 1946 1945
1949 1950 1945
1950 1951 1946
1950 1952 1951
1950 1953 1952
1949 1953 1950
1949 1954 1953
1949 1955 1954
1949 1947 1955
1947 1956 1955
1947 1957 1956
1947 1948 1957
1948 1958 1957
1958 1959 1957
1959 1960 1957
1959 1961 1960
1959 1962 1961
1962 1963 1961
1962 1964 1963
1964 1965 1963
1964 1966 1965
1966 1967 1965
1966 1968 1967
1969 1967 1968
1969 1970 1967
1971 1970 1969
1971 1972 1970
1973 1972 1971
1973 1974 1972
1975 1974 1973
1975 1976 1974
1977 1976 1975
1977 1978 1976
1979 1978 1977
1979 1980 1978
1981 1980 1979
1981 1982 1980
1983 1982 1981
1983 1984 1982
1985 1984 1983
1985 1986 1984
1985 1987 1986
1985 1988 1987
1989 1987 1988
1989 1990 1987
1991 1990 1989
1991 1992 1990
1993 1992 1991
1993 1994 1992
1995 1994 1993
1995 1996 1994
1997 1996 1995
1998 1997 1995
1997 1998 1999
1997 1999 2000
1997 2000 2001
2000 1999 2002
2003 2001 2000
2003 2004 2001
2000 2002 2005
2000 2005 2003
2005 2002 2006
2007 2004 2003
2007 2008 2004
2007 2009 2008
2007 2010 2009
2007 2011 2010
2003 2012 2007
2007 2012 2011
2003 2005 2012
2012 2013 2011
2012 2014 2013
2005 2014 2012
2014 2015 2013
2014 2016 2015
2017 2016 2014
2005 2018 2014
2018 2017 2014
2005 2006 2018
2019 2017 2018
2006 2019 2018
2006 2020 2019
2021 2022 2023
2021 2023 2024
2024 2023 2025
2024 2025 2026
2026 2025 2027
2026 2027 2028
2029 2028 2027
2030 2031 2032
2030 2032 2033
2034 2030 2033
2034 2035 2030
2034 2036 2035
2034 2037 2036
2037 2038 2036
2037 2039 2038
2040 2038 2039
2040 2041 2038
2042 2041 2040
2042 2043 2041
2042 2044 2043
2042 2045 2044
2045 2046 2044
2045 2047 2046
2047 2048 2046
2047 2049 2048
2049 2050 2048
2049 2051 2050
2052 2050 2051
2052 2053 2050
2054 2053 2052
2054 2055 2053
2055 2054 2056
2055 2056 2057
2057 2056 2058
2059 2060 2061
2059 2062 2060
2063 2062 2059
2060 2062 2064
2063 2065 2062
2066 2065 2063
2067 2065 2066
2065 2067 2068
2069 2065 2068
2062 2065 2069
2062 2069 2070
2062 2070 2071
2062 2071 2064
2064 2071 2072
2073 2064 2072
2073 2072 2074
2074 2075 2073
2074 2076 2075
2077 2076 2074
2074 2072 2078
2077 2074 2078
2072 2079 2078
2077 2078 2080
2081 2080 2078
2080 2081 2082
2080 2082 2083
2084 2083 2082
2085 2080 2083
2084 2086 2083
2085 2083 2087
2086 2087 2083
2088 2085 2087
2089 2088 2087
2086 2090 2087
2089 2087 2091
2090 2091 2087
2090 2092 2091
2093 2094 2095
2093 2095 2096
2097 2093 2096
2096 2098 2097
2096 2099 2098
2099 2100 2098
2098 2100 2101
2102 2098 2101
2102 2103 2098
2103 2102 2104
2105 2103 2104
2104 2102 2106
2107 2108 2109
2110 2109 2108
2110 2108 2111
2112 2110 2111
2112 2113 2110
2114 2113 2112
2114 2115 2113
2116 2117 2118
2119 2116 2118
2119 2118 2120
2120 2121 2119
2120 2122 2121
2123 2121 2122
2123 2122 2124
2125 2123 2124
2125 2126 2123
2127 2126 2125
2127 2128 2126
2129 2128 2127
2129 2127 2130
2131 2129 2130
2131 2130 2132
2131 2132 2133
2133 2132 2134
2134 2135 2133
2132 2136 2134
2137 2138 2139
2137 2140 2138
2141 2140 2137
2141 2137 2142
2143 2141 2142
2143 2142 2144
2145 2143 2144
2146 2147 2148
2146 2149 2147
2150 2147 2149
2150 2151 2147
2150 2152 2151
2153 2154 2155
2153 2155 2156
2157 2153 2156
2157 2158 2153
2159 2160 2161
2161 2162 2159
2163 2164 2165
2166 2165 2164
2166 2167 2165
2168 2167 2166
2168 2166 2169
2169 2170 2168
2169 2171 2170
2172 2170 2171
2172 2173 2170
2174 2173 2172
2174 2172 2175
2176 2174 2175
2176 2175 2177
2178 2176 2177
2178 2177 2179
2180 2178 2179
2180 2179 2181
2181 2182 2180
2181 2183 2182
2184 2182 2183
2184 2183 2185
2186 2184 2185
2186 2185 2187
2188 2186 2187
2188 2187 2189
2190 2188 2189
2190 2191 2188
2192 2193 2194
2192 2195 2193
2196 2193 2195
2196 2197 2193
2198 2197 2196
2198 2199 2197
2199 2198 2200
2201 2202 2203
2201 2204 2202
2204 2205 2202
2204 2206 2205
2205 2206 2207
2205 2207 2208
2208 2207 2209
2210 2211 2212
2210 2212 2213
2210 2213 2214
2215 2214 2213
2215 2213 2216
2217 2218 2219
2217 2219 2220
2220 2221 2217
2222 2220 2219
2220 2223 2221
2222 2224 2220
2224 2223 2220
2224 2222 2225
2224 2226 2223
2224 2225 2227
2226 2224 2227
2226 2227 2228
2227 2225 2229
2228 2227 2229
2229 2230 2228
2229 2231 2230
2231 2232 2230
2233 2234 2235
2233 2235 2236
2236 2235 2237
2236 2237 2238
2238 2237 2239
2238 2239 2240
2240 2239 2241
2240 2241 2242
2243 2242 2241
2243 2244 2242
2243 2245 2244
2246 2247 2248
2246 2249 2247
2250 2249 2246
2250 2251 2249
2252 2253 2254
2252 2254 2255
2256 2255 2254
2256 2257 2255
2257 2258 2255
2258 2259 2255
2255 2259 2252
2259 2258 2260
2259 2260 2261
2260 2262 2261
2260 2263 2262
2263 2264 2262
2265 2264 2263
2265 2266 2264
2265 2267 2266
2261 2268 2259
2268 2269 2259
2259 2269 2252
2270 2252 2269
2271 2270 2269
2268 2272 2269
2272 2271 2269
2272 2268 2273
2271 2272 2273
2271 2273 2274
2275 2271 2274
2275 2270 2271
2270 2275 2276
2270 2276 2277
2276 2278 2277
2278 2279 2277
2277 2279 2270
2278 2280 2279
2280 2278 2281
2282 2279 2280
2283 2282 2280
2280 2281 2283
2281 2284 2283
2284 2285 2283
2286 2285 2284
2283 2287 2282
2285 2287 2283
2270 2279 2288
2288 2289 2270
2270 2289 2252
2288 2279 2290
2282 2290 2279
2289 2288 2290
2289 2290 2282
2291 2252 2289
2282 2291 2289
2291 2292 2252
2291 2293 2292
2282 2294 2291
2295 2294 2282
2287 2295 2282
2296 2295 2287
2285 2296 2287
2297 2295 2296
2298 2296 2285
2286 2298 2285
2299 2297 2296
2298 2299 2296
2299 2300 2297
2299 2301 2300
2302 2298 2286
2302 2299 2298
2303 2301 2299
2302 2303 2299
2303 2304 2301
2303 2305 2304
2286 2306 2302
2306 2303 2302
2286 2307 2306
2307 2308 2306
2303 2309 2305
2306 2309 2303
2309 2310 2305
2308 2311 2306
2311 2309 2306
2312 2311 2308
2309 2313 2310
2311 2313 2309
2312 2314 2311
2314 2313 2311
2314 2312 2315
2316 2310 2313
2314 2316 2313
2316 2317 2310
2316 2318 2317
2314 2318 2316
2319 2317 2318
2314 2320 2318
2315 2320 2314
2315 2321 2320
2321 2315 2322
2323 2324 2325
2323 2325 2326
2326 2327 2323
2326 2328 2327
2327 2328 2329
2327 2329 2330
2329 2331 2330
2329 2332 2331
2333 2331 2332
2333 2334 2331
2335 2336 2337
2335 2337 2338
2339 2340 2341
2339 2342 2340
2343 2340 2342
2343 2344 2340
2345 2344 2343
2345 2346 2344
2347 2346 2345
2347 2345 2348
2349 2347 2348
2349 2350 2347
2351 2352 2353
2351 2353 2354
2353 2355 2354
2356 2357 2358
2356 2359 2357
2356 2360 2359
2361 2362 2363
2361 2364 2362
2365 2364 2361
2365 2366 2364
2367 2366 2365
2367 2368 2366
2367 2369 2368
2367 2370 2369
2369 2370 2371
2369 2371 2372
2371 2373 2372
2371 2374 2373
2374 2375 2373
2374 2376 2375
2376 2377 2375
2376 2378 2377
2377 2379 2375
2380 2381 2382
2380 2383 2381
2381 2383 2384
2380 2385 2383
2386 2383 2385
2386 2385 2387
2386 2387 2388
2387 2389 2388
2389 2390 2388
2388 2391 2386
2390 2392 2388
2388 2392 2391
2390 2393 2392
2391 2392 2394
2393 2394 2392
2391 2394 2395
2395 2394 2396
2393 2397 2394
2397 2396 2394
2395 2396 2398
2397 2399 2396
2396 2400 2398
2396 2399 2401
2396 2402 2400
2396 2401 2402
2402 2403 2400
2402 2401 2404
2402 2405 2403
2402 2404 2405
2405 2406 2403
2404 2407 2405
2405 2407 2406
2404 2408 2407
2407 2409 2406
2408 2410 2407
2407 2410 2409
2408 2411 2410
2410 2412 2409
2413 2409 2412
2411 2414 2410
2411 2415 2414
2414 2415 2416
2410 2414 2417
2412 2410 2417
2414 2416 2418
2417 2414 2418
2416 2419 2418
2419 2420 2418
2421 2418 2420
2417 2418 2421
2417 2421 2422
2423 2417 2422
2412 2417 2423
2423 2422 2424
2412 2423 2424
2413 2412 2425
2412 2424 2425
2425 2424 2426
2427 2413 2425
2428 2425 2426
2427 2425 2428
2428 2426 2429
2430 2428 2429
2431 2428 2430
2427 2428 2431
2431 2430 2432
2433 2431 2432
2433 2432 2434
2435 2433 2434
2435 2434 2436
2435 2436 2437
2438 2435 2437
2439 2427 2431
2433 2439 2431
2439 2440 2427
2440 2441 2427
2442 2441 2440
2442 2440 2443
2443 2440 2439
2444 2442 2443
2433 2445 2439
2443 2439 2445
2444 2443 2446
2447 2444 2446
2448 2445 2433
2435 2448 2433
2449 2448 2435
2450 2443 2445
2448 2450 2445
2450 2446 2443
2449 2450 2448
2447 2446 2451
2451 2446 2450
2452 2447 2451
2453 2449 2435
2454 2449 2453
2438 2453 2435
2454 2453 2438
2454 2438 2455
2455 2456 2454
2457 2454 2456
2457 2458 2454
2459 2458 2457
2451 2450 2460
2449 2460 2450
2454 2461 2449
2458 2461 2454
2462 2460 2449
2462 2451 2460
2462 2449 2461
2459 2463 2458
2464 2463 2459
2464 2465 2463
2458 2466 2461
2466 2462 2461
2463 2466 2458
2462 2467 2451
2466 2467 2462
2452 2451 2467
2465 2468 2463
2463 2468 2466
2465 2469 2468
2470 2452 2467
2466 2470 2467
2468 2470 2466
2470 2471 2452
2472 2471 2470
2468 2472 2470
2469 2472 2468
2469 2473 2472
2474 2475 2476
2477 2474 2476
2477 2476 2478
2479 2477 2478
2476 2480 2478
2481 2479 2478
2481 2478 2482
2480 2483 2478
2478 2484 2482
2478 2483 2484
2483 2485 2484
2486 2487 2488
2488 2489 2486
2488 2490 2489
2489 2490 2491
2489 2491 2492
2491 2493 2492
2494 2495 2496
2494 2496 2497
2498 2497 2496
2498 2499 2497
2500 2499 2498
2500 2501 2499
2502 2503 2504
2502 2504 2505
2504 2506 2505
2504 2507 2506
2508 2506 2507
2508 2507 2509
2510 2511 2512
2513 2512 2511
2514 2513 2511
2514 2511 2515
2516 2514 2515
2516 2517 2514
2518 2517 2516
2519 2520 2521
2521 2522 2519
2521 2523 2522
2523 2524 2522
2523 2525 2524
2525 2526 2524
2525 2527 2526
2528 2526 2527
2528 2527 2529
2530 2531 2532
2530 2532 2533
2534 2530 2533
2534 2533 2535
2534 2535 2536
2534 2536 2537
2537 2536 2538
2537 2538 2539
2540 2539 2538
2540 2538 2541
2542 2543 2544
2542 2544 2545
2546 2547 2548
2546 2548 2549
2548 2550 2549
2551 2552 2553
2554 2551 2553
2554 2555 2551
2554 2556 2555
2554 2557 2556
2554 2558 2557
2559 2554 2553
2554 2559 2558
2559 2553 2560
2558 2559 2561
2558 2561 2562
2563 2562 2561
2563 2561 2564
2565 2559 2560
2559 2565 2561
2561 2565 2564
2566 2565 2560
2565 2567 2564
2567 2565 2566
2568 2569 2570
2568 2570 2571
2572 2568 2571
2572 2573 2568
2574 2573 2572
2574 2575 2573
2576 2575 2574
2576 2577 2575
2578 2577 2576
2578 2579 2577
2580 2579 2578
2580 2581 2579
2582 2581 2580
2582 2583 2581
2582 2584 2583
2582 2585 2584
2586 2584 2585
2586 2585 2587
2588 2586 2587
2588 2587 2589
2589 2590 2588
2590 2591 2588
2592 2593 2594
2592 2594 2595
2596 2595 2594
2596 2594 2597
2598 2596 2597
2599 2598 2597
2599 2600 2598
2599 2601 2600
2602 2600 2601
2603 2604 2605
2606 2604 2603
2606 2603 2607
2608 2606 2607
2608 2607 2609
2610 2608 2609
2611 2612 2613
2611 2614 2612
2614 2611 2615
2616 2612 2614
2616 2617 2612
2618 2616 2614
2614 2615 2619
2618 2614 2619
2619 2615 2620
2618 2619 2621
2619 2620 2621
2622 2618 2621
2621 2620 2623
2622 2621 2623
2620 2624 2623
2625 2622 2623
2624 2626 2623
2625 2623 2626
2624 2627 2626
2625 2626 2627
2625 2627 2628
2629 2628 2627
2624 2630 2627
2629 2627 2631
2630 2632 2627
2627 2632 2631
2633 2631 2632
2630 2634 2632
2632 2635 2633
2632 2634 2635
2634 2636 2635
2636 2637 2635
2638 2637 2636
2639 2638 2636
2640 2638 2639
2641 2638 2640
2642 2640 2639
2643 2641 2640
2644 2643 2640
2644 2645 2643
2645 2644 2646
2644 2647 2646
2648 2647 2644
2649 2640 2642
2644 2640 2649
2649 2642 2650
2651 2649 2650
2652 2649 2651
2653 2644 2649
2653 2649 2652
2648 2644 2653
2653 2652 2654
2654 2648 2653
2654 2655 2648
2656 2657 2658
2656 2658 2659
2660 2656 2659
2660 2661 2656
2660 2662 2661
2660 2663 2662
2662 2663 2664
2662 2664 2665
2666 2665 2664
2666 2664 2667
2666 2667 2668
2666 2668 2669
2669 2668 2670
2669 2670 2671
2672 2671 2670
2672 2670 2673
2674 2672 2673
2674 2673 2675
2676 2674 2675
2676 2675 2677
2678 2676 2677
2678 2677 2679
2680 2678 2679
2680 2679 2681
2682 2680 2681
2682 2683 2680
2684 2683 2682
2684 2685 2683
2686 2685 2684
2686 2684 2687
2688 2686 2687
2688 2687 2689
2690 2688 2689
2690 2691 2688
2692 2691 2690
2692 2693 2691
2694 2693 2692
2694 2695 2693
2696 2695 2694
2696 2697 2695
2697 2696 2698
2697 2698 2699
2700 2699 2698
2700 2698 2701
2702 2700 2701
2702 2701 2703
2704 2702 2703
2704 2705 2702
2706 2705 2704
2706 2704 2707
2708 2706 2707
2708 2707 2709
2710 2708 2709
2710 2709 2711
2712 2710 2711
2712 2711 2713
2714 2712 2713
2714 2713 2715
2716 2717 2718
2717 2719 2718
2717 2720 2719
2721 2722 2723
2721 2724 2722
2725 2724 2721
2725 2721 2726
2727 2725 2726
2722 2724 2728
2725 2728 2724
2722 2728 2729
2725 2730 2728
2727 2731 2725
2727 2732 2731
2731 2732 2733
2730 2725 2734
2730 2734 2735
2735 2734 2736
2734 2737 2736
2738 2736 2737
2738 2737 2739
2740 2739 2737
2738 2739 2741
2739 2742 2741
2743 2737 2734
2740 2737 2743
2744 2734 2725
2743 2734 2744
2745 2725 2731
2744 2725 2745
2746 2731 2733
2745 2731 2746
2747 2739 2740
2739 2747 2748
2739 2748 2742
2747 2749 2748
2742 2748 2750
2749 2750 2748
2751 2750 2749
2749 2752 2751
2749 2753 2752
2753 2749 2747
2753 2747 2754
2754 2747 2755
2747 2756 2755
2757 2756 2747
2758 2757 2747
2747 2740 2758
2757 2758 2759
2759 2758 2760
2740 2760 2758
2740 2761 2760
2762 2760 2761
2763 2761 2740
2763 2740 2743
2762 2761 2764
2764 2761 2763
2743 2765 2763
2743 2744 2765
2766 2762 2764
2766 2767 2762
2763 2768 2764
2763 2765 2768
2766 2764 2768
2744 2769 2765
2768 2765 2769
2744 2745 2769
2770 2767 2766
2770 2766 2768
2770 2771 2767
2772 2771 2770
2770 2768 2773
2768 2769 2773
2772 2770 2774
2773 2774 2770
2775 2772 2774
2745 2776 2769
2745 2746 2776
2769 2777 2773
2773 2777 2774
2769 2776 2777
2775 2774 2778
2777 2778 2774
2776 2779 2777
2746 2779 2776
2779 2778 2777
2780 2775 2778
2780 2778 2779
2780 2781 2775
2782 2781 2780
2782 2783 2781
2782 2784 2783
2784 2782 2785
2746 2786 2779
2786 2780 2779
2746 2733 2786
2787 2786 2733
2786 2788 2780
2787 2788 2786
2782 2780 2788
2787 2789 2788
2788 2789 2782
2787 2790 2789
2789 2790 2791
2792 2785 2782
2789 2792 2782
2792 2793 2785
2792 2794 2793
2792 2795 2794
2795 2796 2794
2795 2797 2796
2795 2798 2797
2795 2799 2798
2795 2800 2799
2791 2800 2801
2789 2791 2801
2789 2801 2792
2795 2801 2800
2801 2795 2792
2802 2803 2804
2802 2805 2803
2805 2806 2803
2802 2807 2805
2808 2807 2802
2805 2809 2806
2810 2806 2809
2810 2809 2811
2812 2811 2809
2813 2809 2805
2812 2809 2813
2813 2805 2807
2812 2813 2814
2815 2814 2813
2813 2816 2815
2813 2807 2816
2816 2807 2817
2817 2807 2808
2818 2817 2808
2819 2817 2818
2819 2818 2820
2819 2820 2821
2821 2820 2822
2821 2822 2823
2824 2822 2820
2824 2825 2822
2825 2824 2826
2824 2827 2826
2824 2828 2827
2829 2826 2827
2830 2827 2828
2829 2827 2831
2832 2829 2831
2832 2831 2833
2830 2834 2827
2831 2827 2834
2835 2834 2830
2836 2834 2835
2833 2831 2837
2831 2834 2837
2836 2837 2834
2833 2837 2838
2836 2839 2837
2840 2838 2837
2840 2837 2839
2841 2842 2843
2841 2843 2844
2845 2841 2844
2845 2844 2846
2847 2845 2846
2847 2846 2848
2849 2847 2848
2849 2848 2850
2851 2849 2850
2851 2850 2852
2853 2851 2852
2853 2852 2854
2855 2853 2854
2855 2854 2856
2857 2855 2856
2857 2858 2855
2859 2858 2857
2859 2857 2860
2861 2862 2863
2861 2863 2864
2865 2861 2864
2865 2864 2866
2867 2865 2866
2867 2866 2868
2869 2867 2868
2869 2868 2870
2869 2870 2871
2871 2870 2872
2873 2871 2872
2874 2869 2871
2875 2871 2873
2874 2871 2875
2876 2875 2873
2874 2875 2876
2877 2874 2876
2877 2876 2878
2879 2877 2878
2879 2878 2880
2881 2879 2880
2881 2880 2882
2883 2881 2882
2883 2884 2881
2885 2886 2887
2885 2887 2888
2889 2885 2888
2889 2888 2890
2889 2890 2891
2892 2889 2891
2892 2891 2893
2894 2892 2893
2894 2893 2895
2896 2894 2895
2896 2895 2897
2898 2896 2897
2898 2897 2899
2900 2898 2899
2900 2899 2901
2902 2900 2901
2902 2901 2903
2904 2905 2906
2905 2904 2907
2905 2907 2908
2909 2908 2907
2909 2907 2910
2909 2910 2911
2912 2913 2914
2913 2912 2915
2913 2915 2916
2917 2916 2915
2917 2915 2918
2917 2918 2919
2920 2921 2922
2923 2920 2922
2923 2922 2924
2923 2924 2925
2923 2925 2926
2925 2927 2926
2928 2929 2930
2931 2928 2930
2931 2930 2932
2931 2932 2933
2931 2933 2934
2933 2935 2934
2936 2937 2938
2936 2938 2939
2940 2939 2938
2940 2938 2941
2942 2940 2941
2940 2942 2943
2944 2943 2942
2945 2943 2944
2943 2945 2946
2943 2946 2947
2947 2946 2948
2949 2948 2946
2949 2950 2948
2950 2949 2951
2952 2953 2954
2952 2954 2955
2956 2955 2954
2956 2954 2957
2957 2958 2956
2957 2959 2958
2958 2959 2960
2958 2960 2961
2962 2963 2964
2962 2965 2963
2966 2963 2965
2966 2965 2967
2968 2969 2970
2968 2971 2969
2972 2969 2971
2972 2971 2973
2973 2974 2972
2973 2975 2974
2976 2974 2975
2976 2977 2974
2978 2979 2980
2978 2981 2979
2982 2979 2981
2982 2981 2983
2984 2982 2983
2984 2983 2985
2986 2984 2985
2986 2985 2987
2988 2989 2990
2988 2991 2989
2988 2992 2991
2988 2993 2992
2994 2995 2996
2994 2996 2997
2998 2997 2996
2998 2996 2999
3000 2998 2999
2998 3000 3001
3002 3001 3000
3003 3001 3002
3001 3003 3004
3001 3004 3005
3005 3004 3006
3007 3006 3004
3007 3008 3006
3008 3007 3009
3010 3011 3012
3010 3012 3013
3014 3013 3012
3014 3012 3015
3015 3016 3014
3015 3017 3016
3016 3017 3018
3016 3018 3019
3020 3021 3022
3020 3023 3021
3024 3021 3023
3024 3023 3025
3026 3027 3028
3026 3029 3027
3030 3027 3029
3030 3029 3031
3031 3032 3030
3031 3033 3032
3034 3032 3033
3034 3035 3032
3036 3037 3038
3036 3039 3037
3040 3037 3039
3040 3039 3041
3042 3040 3041
3042 3041 3043
3044 3042 3043
3044 3043 3045
3046 3047 3048
3046 3049 3047
3046 3050 3049
3046 3051 3050
3052 3053 3054
3052 3055 3053
3056 3053 3055
3056 3057 3053
3058 3057 3056
3056 3059 3058
3060 3058 3059
3061 3060 3059
3059 3062 3061
3059 3063 3062
3063 3064 3062
3065 3062 3064
3065 3064 3066
3066 3067 3065
3068 3069 3070
3068 3071 3069
3072 3069 3071
3072 3073 3069
3073 3072 3074
3073 3074 3075
3074 3076 3075
3074 3077 3076
3078 3079 3080
3078 3080 3081
3082 3081 3080
3082 3083 3081
3084 3085 3086
3084 3086 3087
3088 3087 3086
3088 3089 3087
3089 3088 3090
3089 3090 3091
3092 3091 3090
3092 3090 3093
3094 3095 3096
3094 3096 3097
3098 3097 3096
3098 3099 3097
3100 3099 3098
3100 3101 3099
3102 3101 3100
3102 3103 3101
3104 3105 3106
3104 3106 3107
3104 3107 3108
3104 3108 3109
3110 3111 3112
3110 3113 3111
3114 3111 3113
3114 3115 3111
3116 3115 3114
3114 3117 3116
3118 3116 3117
3119 3118 3117
3117 3120 3119
3117 3121 3120
3121 3122 3120
3123 3120 3122
3123 3122 3124
3124 3125 3123
3126 3127 3128
3126 3129 3127
3130 3127 3129
3130 3131 3127
3131 3130 3132
3131 3132 3133
3132 3134 3133
3132 3135 3134
3136 3137 3138
3136 3138 3139
3140 3139 3138
3140 3141 3139
3142 3143 3144
3142 3144 3145
3146 3145 3144
3146 3147 3145
3147 3146 3148
3147 3148 3149
3150 3149 3148
3150 3148 3151
3152 3153 3154
3152 3154 3155
3156 3155 3154
3156 3157 3155
3158 3157 3156
3158 3159 3157
3160 3159 3158
3160 3161 3159
3162 3163 3164
3162 3164 3165
3162 3165 3166
3162 3166 3167
3168 3169 3170
3168 3170 3171
3172 3171 3170
3172 3170 3173
3173 3174 3172
3173 3175 3174
3174 3175 3176
3174 3176 3177
3177 3176 3178
3177 3178 3179
3180 3179 3178
3180 3178 3181
3181 3182 3180
3181 3183 3182
3184 3182 3183
3184 3185 3182
3184 3186 3185
3184 3187 3186
3187 3188 3186
3187 3189 3188
3190 3191 3192
3190 3192 3193
3193 3192 3194
3193 3194 3195
3194 3196 3195
3194 3197 3196
3198 3196 3197
3198 3199 3196
3200 3199 3198
3200 3198 3201
3202 3200 3201
3202 3201 3203
3204 3205 3206
3204 3207 3205
3208 3205 3207
3208 3209 3205
3209 3208 3210
3209 3210 3211
3210 3212 3211
3210 3213 3212
3213 3214 3212
3213 3215 3214
3214 3215 3216
3214 3216 3217
3217 3216 3218
3217 3218 3219
3218 3220 3219
3218 3221 3220
3222 3220 3221
3222 3223 3220
3222 3224 3223
3222 3225 3224
3226 3227 3228
3226 3229 3227
3230 3229 3226
3230 3231 3229
3230 3232 3231
3230 3233 3232
3233 3234 3232
3233 3235 3234
3236 3234 3235
3236 3235 3237
3237 3238 3236
3237 3239 3238
3240 3241 3242
3240 3242 3243
3244 3240 3243
3244 3243 3245
3244 3245 3246
3244 3246 3247
3247 3246 3248
3247 3248 3249
3249 3248 3250
3249 3250 3251
3251 3250 3252
3251 3252 3253
3254 3255 3256
3254 3257 3255
3257 3258 3255
3257 3259 3258
3259 3260 3258
3259 3261 3260
3261 3262 3260
3261 3263 3262
3263 3264 3262
3263 3265 3264
3266 3264 3265
3266 3267 3264
3268 3269 3270
3268 3271 3269
3271 3268 3272
3271 3272 3273
3274 3273 3272
3274 3272 3275
3276 3274 3275
3276 3277 3274
3276 3278 3277
3276 3279 3278
3280 3278 3279
3280 3279 3281
3281 3282 3280
3281 3283 3282
3284 3282 3283
3284 3285 3282
3284 3286 3285
3284 3287 3286
3287 3288 3286
3287 3289 3288
3290 3291 3292
3290 3293 3291
3293 3290 3294
3293 3294 3295
3296 3295 3294
3296 3297 3295
3297 3296 3298
3297 3298 3299
3300 3299 3298
3300 3301 3299
3302 3301 3300
3302 3300 3303
3304 3305 3306
3304 3307 3305
3308 3305 3307
3308 3307 3309
3310 3308 3309
3310 3311 3308
3312 3311 3310
3312 3313 3311
3314 3313 3312
3314 3315 3313
3316 3315 3314
3316 3317 3315
3318 3317 3316
3318 3319 3317
3320 3319 3318
3320 3321 3319
3322 3321 3320
3322 3323 3321
3323 3322 3324
3323 3324 3325
3326 3327 3328
3326 3328 3329
3326 3329 3330
3326 3330 3331
3332 3331 3330
3332 3330 3333
3334 3332 3333
3334 3333 3335
3336 3334 3335
3336 3335 3337
3337 3338 3336
3337 3339 3338
3340 3341 3342
3340 3343 3341
3344 3343 3340
3344 3345 3343
3346 3345 3344
3346 3347 3345
3348 3347 3346
3348 3349 3347
3350 3349 3348
3350 3351 3349
3352 3351 3350
3352 3353 3351
3354 3355 3356
3354 3357 3355
3358 3357 3354
3358 3359 3357
3360 3359 3358
3360 3361 3359
3362 3361 3360
3362 3363 3361
3362 3364 3363
3362 3365 3364
3365 3366 3364
3365 3367 3366
3368 3369 3370
3368 3371 3369
3372 3371 3368
3372 3373 3371
3374 3375 3376
3374 3376 3377
3374 3377 3378
3378 3377 3379
3377 3376 3380
3380 3376 3381
3381 3382 3380
3383 3382 3381
3383 3384 3382
3385 3384 3383
3385 3386 3384
3387 3384 3386
3387 3386 3388
3389 3382 3384
3389 3384 3387
3390 3380 3382
3390 3382 3389
3391 3379 3377
3392 3377 3380
3391 3377 3392
3392 3380 3393
3393 3380 3390
3393 3394 3392
3392 3394 3391
3390 3395 3393
3393 3395 3394
3389 3396 3390
3390 3396 3395
3387 3397 3389
3389 3397 3396
3388 3398 3387
3387 3398 3397
3388 3399 3398
3400 3399 3388
3397 3398 3401
3401 3398 3399
3402 3396 3397
3402 3397 3401
3396 3403 3395
3396 3402 3403
3395 3404 3394
3395 3403 3404
3405 3399 3400
3406 3405 3400
3401 3399 3407
3407 3402 3401
3407 3399 3405
3404 3408 3394
3391 3394 3408
3406 3409 3405
3410 3409 3406
3407 3411 3402
3402 3411 3403
3407 3405 3412
3405 3409 3412
3412 3411 3407
3403 3413 3404
3413 3408 3404
3410 3414 3409
3415 3414 3410
3409 3416 3412
3414 3416 3409
3412 3417 3411
3412 3416 3417
3417 3416 3418
3403 3411 3419
3411 3417 3419
3403 3419 3413
3415 3420 3414
3421 3420 3415
3414 3422 3416
3418 3416 3422
3420 3422 3414
3421 3423 3420
3424 3423 3421
3417 3418 3425
3419 3417 3425
3420 3426 3422
3426 3420 3423
3424 3427 3423
3428 3427 3424
3426 3423 3429
3429 3423 3427
3430 3422 3426
3430 3426 3429
3428 3431 3427
3432 3431 3428
3432 3433 3431
3434 3427 3431
3429 3427 3434
3435 3431 3433
3434 3431 3435
3435 3433 3436
3435 3436 3437
3435 3437 3438
3438 3434 3435
3439 3438 3437
3440 3429 3434
3438 3440 3434
3439 3441 3438
3440 3438 3441
3441 3439 3442
3440 3443 3429
3430 3429 3443
3440 3441 3444
3444 3443 3440
3441 3442 3445
3444 3441 3445
3446 3445 3442
3447 3445 3446
3448 3445 3447
3444 3445 3448
3448 3447 3449
3449 3450 3448
3444 3448 3450
3449 3451 3450
3444 3452 3443
3444 3450 3452
3430 3443 3452
3453 3450 3451
3452 3450 3453
3453 3451 3454
3430 3452 3455
3452 3453 3455
3454 3456 3453
3454 3457 3456
3458 3430 3455
3430 3458 3422
3418 3422 3458
3453 3459 3455
3453 3456 3459
3458 3455 3460
3418 3458 3460
3455 3459 3460
3461 3456 3457
3461 3457 3462
3418 3460 3463
3463 3460 3459
3464 3459 3456
3464 3456 3461
3463 3459 3464
3465 3461 3462
3465 3462 3466
3467 3464 3461
3467 3461 3465
3468 3465 3466
3468 3466 3469
3470 3418 3463
3470 3425 3418
3463 3464 3471
3471 3464 3467
3467 3465 3472
3472 3465 3468
3473 3468 3469
3474 3473 3469
3470 3475 3425
3419 3425 3475
3463 3471 3476
3463 3476 3470
3477 3471 3467
3477 3467 3472
3468 3478 3472
3473 3478 3468
3479 3476 3471
3479 3471 3477
3480 3470 3476
3480 3476 3479
3472 3481 3477
3478 3481 3472
3477 3482 3479
3477 3481 3482
3470 3483 3475
3470 3480 3483
3479 3484 3480
3479 3482 3484
3483 3480 3485
3485 3475 3483
3485 3480 3484
3478 3486 3481
3486 3482 3481
3485 3487 3475
3487 3419 3475
3487 3413 3419
3487 3488 3413
3413 3488 3408
3488 3489 3408
3490 3489 3488
3487 3490 3488
3408 3489 3491
3391 3408 3491
3487 3485 3492
3487 3492 3490
3391 3491 3493
3493 3379 3391
3494 3379 3493
3493 3495 3494
3491 3495 3493
3496 3495 3491
3491 3497 3496
3489 3497 3491
3498 3497 3489
3489 3499 3498
3489 3500 3499
3489 3501 3500
3501 3502 3500
3503 3502 3501
3503 3501 3504
3505 3504 3501
3506 3504 3505
3505 3507 3506
3505 3508 3507
3508 3505 3509
3489 3510 3501
3505 3501 3510
3490 3510 3489
3490 3505 3510
3490 3492 3505
3505 3511 3509
3511 3512 3509
3512 3511 3513
3492 3514 3505
3514 3511 3505
3515 3511 3514
3511 3516 3513
3515 3516 3511
3516 3517 3513
3517 3516 3518
3516 3515 3518
3492 3519 3514
3485 3519 3492
3485 3484 3519
3514 3519 3520
3520 3515 3514
3519 3484 3521
3519 3521 3520
3521 3484 3482
3521 3522 3520
3520 3522 3515
3523 3515 3522
3521 3482 3524
3521 3524 3522
3486 3524 3482
3522 3524 3486
3522 3486 3525
3523 3522 3525
3525 3486 3478
3525 3478 3526
3523 3525 3526
3526 3478 3473
3527 3526 3473
3474 3527 3473
3527 3528 3526
3523 3526 3528
3529 3527 3474
3529 3528 3527
3530 3529 3474
3530 3531 3529
3529 3532 3528
3532 3529 3531
3523 3528 3532
3523 3532 3533
3532 3531 3534
3534 3533 3532
3534 3535 3533
3536 3533 3535
3536 3535 3537
3536 3538 3533
3538 3518 3533
3523 3533 3539
3518 3539 3533
3523 3539 3515
3515 3539 3518
3540 3541 3542
3540 3542 3543
3544 3540 3543
3544 3543 3545
3543 3546 3545
3547 3545 3546
3548 3543 3542
3547 3546 3549
3548 3550 3543
3550 3546 3543
3548 3551 3550
3552 3546 3550
3550 3551 3553
3552 3550 3553
3548 3554 3551
3555 3551 3554
3555 3556 3551
3557 3551 3556
3557 3558 3551
3551 3558 3553
3559 3553 3558
3559 3560 3553
3561 3549 3546
3561 3562 3549
3563 3553 3560
3563 3560 3564
3561 3546 3565
3552 3565 3546
3562 3561 3566
3562 3566 3567
3568 3567 3566
3563 3569 3553
3552 3553 3569
3564 3570 3563
3564 3571 3570
3572 3570 3571
3568 3566 3573
3574 3568 3573
3574 3573 3575
3573 3576 3575
3573 3577 3576
3566 3577 3573
3576 3577 3578
3579 3578 3577
3579 3577 3580
3566 3581 3577
3580 3577 3581
3566 3561 3581
3582 3580 3581
3582 3583 3580
3561 3584 3581
3582 3581 3584
3565 3584 3561
3583 3582 3585
3583 3585 3586
3585 3587 3586
3565 3588 3584
3552 3588 3565
3582 3584 3589
3589 3585 3582
3589 3584 3588
3585 3590 3587
3591 3587 3590
3589 3592 3585
3592 3590 3585
3589 3588 3593
3593 3592 3589
3552 3594 3588
3593 3588 3594
3591 3590 3595
3596 3591 3595
3592 3597 3590
3597 3595 3590
3596 3595 3598
3599 3596 3598
3552 3600 3594
3552 3569 3600
3593 3601 3592
3601 3597 3592
3597 3602 3595
3598 3595 3602
3599 3598 3603
3603 3604 3599
3569 3605 3600
3569 3563 3605
3601 3606 3597
3606 3602 3597
3598 3602 3607
3603 3598 3607
3608 3604 3603
3609 3604 3608
3563 3610 3605
3570 3610 3563
3606 3611 3602
3607 3602 3611
3603 3607 3612
3612 3608 3603
3609 3608 3613
3613 3614 3609
3613 3615 3614
3613 3608 3616
3612 3616 3608
3617 3616 3612
3612 3607 3618
3607 3611 3618
3618 3617 3612
3619 3615 3613
3613 3616 3619
3619 3620 3615
3620 3619 3621
3621 3619 3616
3620 3621 3622
3621 3623 3622
3624 3618 3611
3618 3624 3617
3621 3616 3625
3617 3625 3616
3621 3626 3623
3626 3621 3625
3626 3627 3623
3626 3625 3628
3628 3625 3617
3626 3629 3627
3628 3629 3626
3629 3630 3627
3629 3631 3630
3632 3631 3629
3628 3632 3629
3632 3633 3631
3628 3617 3634
3634 3632 3628
3635 3633 3632
3634 3635 3632
3635 3636 3633
3637 3634 3617
3637 3617 3624
3636 3635 3638
3636 3638 3639
3635 3634 3640
3634 3637 3640
3635 3640 3638
3641 3637 3624
3640 3637 3641
3642 3639 3638
3642 3643 3639
3644 3638 3640
3640 3641 3644
3644 3642 3638
3641 3624 3645
3624 3611 3645
3645 3611 3606
3646 3643 3642
3646 3647 3643
3648 3642 3644
3648 3646 3642
3644 3641 3649
3649 3641 3645
3644 3649 3648
3645 3606 3650
3649 3645 3650
3601 3650 3606
3651 3647 3646
3651 3652 3647
3653 3652 3651
3648 3649 3654
3654 3649 3650
3601 3655 3650
3654 3650 3655
3655 3601 3593
3656 3646 3648
3648 3654 3656
3656 3651 3646
3653 3651 3657
3657 3658 3653
3655 3593 3659
3593 3594 3659
3655 3660 3654
3655 3659 3660
3660 3659 3594
3660 3656 3654
3660 3594 3600
3661 3651 3656
3660 3661 3656
3661 3660 3600
3661 3657 3651
3661 3600 3605
3605 3657 3661
3605 3610 3657
3657 3610 3658
3662 3658 3610
3662 3663 3658
3662 3664 3663
3570 3662 3610
3665 3664 3662
3570 3666 3662
3665 3662 3666
3572 3666 3570
3665 3666 3667
3668 3666 3572
3668 3667 3666
3669 3670 3671
3669 3671 3672
3673 3669 3672
3673 3672 3674
3675 3676 3677
3676 3675 3678
3676 3678 3679
3680 3679 3678
3680 3678 3681
3680 3681 3682
3683 3684 3685
3684 3683 3686
3684 3686 3687
3688 3687 3686
3688 3686 3689
3688 3689 3690
3691 3692 3693
3692 3691 3694
3692 3694 3695
3696 3695 3694
3696 3694 3697
3696 3697 3698
3699 3700 3701
3702 3699 3701
3702 3701 3703
3702 3703 3704
3702 3704 3705
3704 3706 3705
3707 3708 3709
3707 3710 3708
3711 3708 3710
3711 3712 3708
3713 3712 3711
3713 3714 3712
3715 3714 3713
3715 3713 3716
3717 3715 3716
3717 3716 3718
3718 3719 3717
3718 3720 3719
3719 3720 3721
3719 3721 3722
3722 3721 3723
3722 3723 3724
3724 3723 3725
3724 3725 3726
3727 3728 3729
3727 3729 3730
3727 3730 3731
3727 3731 3732
3733 3732 3731
3733 3734 3732
3735 3734 3733
3735 3736 3734
3737 3736 3735
3737 3738 3736
3739 3738 3737
3739 3740 3738
3741 3740 3739
3741 3742 3740
3743 3742 3741
3743 3744 3742
3745 3744 3743
3745 3743 3746
3746 3747 3745
3746 3748 3747
3749 3750 3751
3749 3752 3750
3749 3753 3752
3749 3754 3753
3754 3755 3753
3754 3756 3755
3755 3756 3757
3755 3757 3758
3758 3757 3759
3758 3759 3760
3761 3760 3759
3761 3762 3760
3763 3762 3761
3763 3761 3764
3765 3763 3764
3765 3764 3766
3767 3765 3766
3767 3766 3768
3769 3770 3771
3769 3771 3772
3773 3772 3771
3773 3771 3774
3774 3775 3773
3774 3776 3775
3776 3777 3775
3776 3778 3777
3778 3779 3777
3778 3780 3779
3780 3781 3779
3780 3782 3781
3782 3783 3781
3782 3784 3783
3784 3785 3783
3784 3786 3785
3785 3786 3787
3785 3787 3788
3789 3788 3787
3789 3790 3788
3791 3792 3793
3791 3793 3794
3794 3793 3795
3794 3795 3796
3796 3795 3797
3796 3797 3798
3799 3800 3801
3799 3802 3800
3803 3802 3799
3803 3804 3802
3805 3804 3803
3805 3806 3804
3807 3808 3809
3807 3809 3810
3810 3809 3811
3810 3811 3812
3812 3811 3813
3812 3813 3814
3815 3816 3817
3815 3817 3818
3818 3817 3819
3818 3819 3820
3821 3822 3823
3821 3824 3822
3825 3824 3821
3825 3826 3824
3827 3828 3829
3827 3829 3830
3830 3829 3831
3830 3831 3832
3832 3831 3833
3832 3833 3834
3835 3834 3833
3835 3833 3836
3837 3838 3839
3837 3839 3840
3841 3842 3843
3841 3843 3844
3844 3843 3845
3844 3845 3846
3846 3845 3847
3846 3847 3848
3848 3847 3849
3848 3849 3850
3850 3849 3851
3850 3851 3852
3852 3851 3853
3852 3853 3854
3854 3853 3855
3854 3855 3856
3856 3855 3857
3856 3857 3858
3858 3857 3859
3858 3859 3860
3860 3859 3861
3860 3861 3862
3863 3864 3865
3863 3866 3864
3867 3866 3863
3867 3868 3866
3869 3868 3867
3869 3870 3868
3871 3870 3869
3871 3872 3870
3873 3872 3871
3873 3874 3872
3875 3874 3873
3875 3876 3874
3877 3876 3875
3877 3878 3876
3879 3878 3877
3879 3880 3878
3881 3880 3879
3881 3882 3880
3883 3882 3881
3883 3884 3882
3885 3886 3887
3885 3887 3888
3889 3888 3887
3889 3887 3890
3891 3889 3890
3891 3890 3892
3893 3891 3892
3893 3894 3891
3895 3894 3893
3895 3896 3894
3896 3895 3897
3896 3897 3898
3897 3899 3898
3897 3900 3899
3900 3901 3899
3900 3902 3901
3902 3903 3901
3902 3904 3903
3905 3906 3907
3905 3908 3906
3905 3909 3908
3905 3910 3909
3911 3909 3910
3911 3910 3912
3913 3911 3912
3913 3912 3914
3915 3913 3914
3915 3914 3916
3917 3915 3916
3917 3916 3918
3919 3917 3918
3919 3918 3920
3921 3919 3920
3921 3920 3922
3923 3921 3922
3923 3924 3921
3924 3923 3925
3924 3925 3926
3927 3928 3929
3927 3929 3930
3927 3930 3931
3927 3931 3932
3932 3931 3933
3932 3933 3934
3933 3935 3934
3933 3936 3935
3936 3937 3935
3936 3938 3937
3939 3937 3938
3939 3938 3940
3941 3939 3940
3941 3942 3939
3943 3942 3941
3943 3944 3942
3945 3944 3943
3945 3946 3944
3947 3948 3949
3947 3950 3948
3951 3948 3950
3951 3952 3948
3952 3951 3953
3952 3953 3954
3954 3953 3955
3954 3955 3956
3956 3955 3957
3956 3957 3958
3958 3957 3959
3958 3959 3960
3960 3959 3961
3960 3961 3962
3962 3961 3963
3962 3963 3964
3963 3965 3964
3963 3966 3965
3967 3965 3966
3967 3966 3968
3969 3970 3971
3969 3972 3970
3972 3973 3970
3972 3974 3973
3974 3975 3973
3974 3976 3975
3977 3978 3979
3977 3979 3980
3981 3977 3980
3981 3980 3982
3983 3981 3982
3983 3982 3984
3985 3986 3987
3985 3988 3986
3988 3989 3986
3988 3990 3989
3990 3991 3989
3990 3992 3991
3993 3994 3995
3993 3996 3994
3996 3997 3994
3996 3998 3997
3999 4000 4001
3999 4001 4002
4003 3999 4002
4003 4002 4004
4005 4006 4007
4005 4008 4006
4008 4009 4006
4008 4010 4009
4010 4011 4009
4010 4012 4011
4011 4012 4013
4011 4013 4014
4015 4016 4017
4015 4017 4018
4019 4020 4021
4019 4022 4020
4022 4023 4020
4022 4024 4023
4024 4025 4023
4024 4026 4025
4026 4027 4025
4026 4028 4027
4028 4029 4027
4028 4030 4029
4030 4031 4029
4030 4032 4031
4032 4033 4031
4032 4034 4033
4034 4035 4033
4034 4036 4035
4036 4037 4035
4036 4038 4037
4038 4039 4037
4038 4040 4039
4041 4042 4043
4041 4043 4044
4045 4041 4044
4045 4044 4046
4047 4045 4046
4047 4046 4048
4049 4047 4048
4049 4048 4050
4051 4049 4050
4051 4050 4052
4053 4051 4052
4053 4052 4054
4055 4053 4054
4055 4054 4056
4057 4055 4056
4057 4056 4058
4059 4057 4058
4059 4058 4060
4061 4059 4060
4061 4060 4062
4063 4064 4065
4065 4064 4066
4064 4067 4066
4064 4068 4067
4069 4070 4071
4069 4071 4072
4073 4074 4075
4073 4076 4074
4077 4076 4073
4077 4078 4076
4079 4080 4081
4079 4081 4082
4083 4084 4085
4083 4086 4084
4087 4086 4083
4087 4088 4086
4089 4090 4091
4089 4091 4092
4093 4094 4095
4093 4096 4094
4097 4094 4096
4097 4098 4094
4099 4100 4101
4099 4101 4102
4103 4104 4105
4103 4106 4104
4107 4106 4103
4107 4108 4106
4109 4110 4111
4109 4111 4112
4113 4114 4115
4113 4116 4114
4116 4117 4114
4116 4118 4117
4119 4120 4121
4119 4121 4122
4123 4124 4125
4123 4126 4124
4126 4127 4124
4126 4128 4127
4129 4130 4131
4129 4131 4132
4133 4134 4135
4133 4136 4134
4133 4137 4136
4133 4138 4137
4139 4140 4141
4139 4141 4142
4143 4144 4145
4143 4145 4146
4147 4148 4149
4147 4150 4148
4151 4150 4147
4151 4152 4150
4153 4154 4155
4153 4155 4156
4156 4155 4157
4156 4157 4158
4159 4160 4161
4159 4161 4162
4163 4164 4165
4163 4165 4166
4166 4165 4167
4166 4167 4168
4169 4170 4171
4169 4171 4172
4172 4171 4173
4172 4173 4174
4175 4176 4177
4175 4178 4176
4179 4178 4175
4179 4180 4178
4181 4182 4183
4181 4183 4184
4185 4186 4187
4185 4187 4188
4189 4190 4191
4189 4191 4192
4192 4191 4193
4192 4193 4194
4195 4196 4197
4195 4197 4198
4199 4200 4201
4199 4202 4200
4203 4202 4199
4203 4204 4202
4205 4206 4207
4205 4207 4208
4209 4210 4211
4209 4212 4210
4213 4212 4209
4213 4214 4212
4215 4216 4217
4215 4218 4216
4219 4218 4215
4219 4220 4218
4221 4222 4223
4221 4223 4224
4224 4223 4225
4224 4225 4226
4227 4228 4229
4227 4229 4230
4231 4232 4233
4231 4233 4234
4235 4236 4237
4236 4238 4237
4237 4238 4239
4237 4239 4240
4241 4242 4243
4241 4243 4244
4245 4246 4247
4245 4247 4248
4249 4245 4248
4249 4248 4250
4251 4252 4253
4251 4253 4254
4255 4256 4257
4255 4257 4258
4259 4255 4258
4259 4258 4260
4261 4262 4263
4261 4263 4264
4265 4266 4267
4265 4267 4268
4269 4268 4267
4269 4267 4270
4271 4272 4273
4271 4273 4274
4275 4276 4277
4275 4277 4278
4279 4275 4278
4279 4278 4280
4281 4282 4283
4281 4283 4284
4285 4286 4287
4285 4287 4288
4288 4287 4289
4288 4289 4290
4291 4292 4293
4291 4293 4294
4295 4296 4297
4295 4297 4298
4298 4297 4299
4298 4299 4300
4301 4302 4303
4301 4303 4304
4305 4306 4307
4305 4307 4308
4305 4308 4309
4305 4309 4310
4311 4312 4313
4311 4313 4314
4315 4316 4317
4315 4317 4318
4319 4320 4321
4319 4321 4322
4323 4319 4322
4323 4322 4324
4325 4326 4327
4325 4328 4326
4328 4329 4326
4328 4330 4329
4331 4332 4333
4331 4333 4334
4335 4331 4334
4335 4334 4336
4337 4338 4339
4337 4339 4340
4341 4342 4343
4341 4344 4342
4344 4345 4342
4344 4346 4345
4347 4348 4349
4347 4349 4350
4351 4347 4350
4351 4350 4352
4353 4354 4355
4353 4355 4356
4357 4358 4359
4357 4359 4360
4361 4362 4363
4361 4364 4362
4364 4365 4362
4364 4366 4365
4367 4368 4369
4367 4369 4370
4371 4372 4373
4371 4373 4374
4375 4371 4374
4375 4374 4376
4377 4378 4379
4377 4379 4380
4381 4382 4383
4381 4383 4384
4385 4381 4384
4385 4384 4386
4387 4388 4389
4387 4389 4390
4391 4387 4390
4391 4390 4392
4393 4394 4395
4393 4396 4394
4396 4397 4394
4396 4398 4397
4399 4400 4401
4399 4401 4402
4403 4404 4405
4403 4405 4406
4407 4408 4409
4407 4409 4410
4409 4411 4410
4409 4412 4411
4413 4414 4415
4413 4416 4414
4414 4416 4417
4414 4417 4418
4419 4420 4421
4419 4421 4422
4421 4423 4422
4421 4424 4423
4425 4426 4427
4425 4427 4428
4428 4427 4429
4428 4429 4430
4431 4432 4433
4431 4433 4434
4435 4436 4437
4435 4438 4436
4439 4438 4435
4439 4440 4438
4441 4442 4443
4441 4443 4444
4445 4446 4447
4445 4447 4448
4449 4450 4451
4449 4451 4452
4449 4452 4453
4449 4453 4454
4455 4456 4457
4455 4457 4458
4459 4460 4461
4459 4462 4460
4463 4462 4459
4463 4459 4464
4465 4466 4467
4465 4468 4466
4469 4468 4465
4469 4470 4468
4471 4470 4469
4471 4472 4470
4473 4472 4471
4473 4474 4472
4475 4474 4473
4475 4473 4476
4477 4478 4479
4477 4479 4480
4480 4481 4477
4480 4482 4481
4483 4484 4485
4483 4486 4484
4486 4483 4487
4486 4487 4488
4489 4490 4491
4489 4491 4492
4493 4489 4492
4493 4492 4494
4495 4496 4497
4495 4498 4496
4498 4499 4496
4498 4500 4499
4501 4499 4500
4501 4500 4502
4503 4504 4505
4503 4506 4504
4503 4507 4506
4503 4508 4507
4509 4507 4508
4509 4510 4507
4511 4512 4513
4511 4513 4514
4515 4516 4517
4515 4518 4516
4516 4518 4519
4516 4519 4520
4521 4522 4523
4521 4524 4522
4524 4525 4522
4524 4526 4525
4526 4527 4525
4526 4528 4527
4528 4529 4527
4528 4530 4529
4529 4530 4531
4529 4531 4532
4533 4534 4535
4533 4535 4536
4537 4536 4535
4537 4538 4536
4539 4540 4541
4539 4542 4540
4543 4540 4542
4543 4542 4544
4545 4546 4547
4545 4547 4548
4548 4547 4549
4548 4549 4550
4551 4552 4553
4551 4554 4552
4555 4554 4551
4555 4556 4554
4556 4555 4557
4556 4557 4558
4559 4560 4561
4559 4562 4560
4563 4560 4562
4563 4564 4560
4563 4565 4564
4563 4566 4565
4567 4568 4569
4567 4569 4570
4571 4572 4573
4571 4574 4572
4575 4574 4571
4575 4576 4574
4575 4577 4576
4575 4578 4577
4579 4580 4581
4579 4581 4582
4583 4582 4581
4583 4581 4584
4585 4586 4587
4585 4587 4588
4588 4587 4589
4588 4589 4590
4590 4589 4591
4590 4591 4592
4592 4591 4593
4592 4593 4594
4594 4593 4595
4594 4595 4596
4597 4598 4599
4597 4600 4598
4601 4600 4597
4601 4602 4600
4603 4602 4601
4603 4604 4602
4603 4605 4604
4603 4606 4605
4607 4605 4606
4607 4608 4605
4609 4610 4611
4609 4611 4612
4612 4611 4613
4612 4613 4614
4615 4616 4617
4615 4618 4616
4619 4618 4615
4619 4620 4618
4621 4622 4623
4621 4623 4624
4624 4623 4625
4624 4625 4626
4627 4628 4629
4627 4630 4628
4631 4630 4627
4631 4632 4630
4633 4634 4635
4633 4635 4636
4636 4635 4637
4636 4637 4638
4639 4640 4641
4639 4642 4640
4643 4640 4642
4643 4644 4640
4645 4646 4647
4645 4648 4646
4649 4648 4645
4649 4650 4648
4651 4650 4649
4651 4652 4650
4653 4652 4651
4653 4654 4652
4653 4655 4654
4653 4656 4655
4657 4655 4656
4657 4658 4655
4659 4660 4661
4659 4661 4662
4662 4661 4663
4662 4663 4664
4664 4663 4665
4664 4665 4666
4667 4668 4669
4667 4670 4668
4667 4671 4670
4667 4672 4671
4673 4671 4672
4673 4674 4671
4675 4676 4677
4675 4677 4678
4679 4680 4681
4679 4682 4680
4680 4682 4683
4680 4683 4684
4685 4686 4687
4685 4687 4688
4687 4689 4688
4687 4690 4689
4691 4692 4693
4691 4694 4692
4692 4694 4695
4692 4695 4696
4697 4698 4699
4697 4700 4698
4700 4701 4698
4700 4702 4701
4703 4704 4705
4703 4705 4706
4707 4708 4709
4707 4709 4710
4711 4707 4710
4711 4710 4712
4713 4714 4715
4713 4715 4716
4717 4718 4719
4717 4719 4720
4721 4722 4723
4721 4724 4722
4721 4725 4724
4721 4726 4725
4727 4728 4729
4727 4729 4730
4731 4732 4733
4731 4733 4734
4735 4731 4734
4735 4736 4731
4737 4738 4739
4737 4739 4740
4741 4737 4740
4741 4740 4742
4743 4741 4742
4743 4742 4744
4745 4743 4744
4745 4744 4746
4747 4745 4746
4747 4748 4745
4749 4750 4751
4749 4752 4750
4752 4749 4753
4752 4753 4754
4755 4756 4757
4755 4757 4758
4758 4759 4755
4758 4760 4759
4761 4762 4763
4761 4764 4762
4765 4764 4761
4765 4766 4764
4767 4768 4769
4767 4769 4770
4770 4769 4771
4770 4771 4772
4773 4772 4771
4773 4774 4772
4775 4776 4777
4775 4777 4778
4775 4778 4779
4775 4779 4780
4781 4780 4779
4781 4779 4782
4783 4784 4785
4783 4785 4786
4787 4788 4789
4787 4789 4790
4789 4791 4790
4789 4792 4791
4793 4794 4795
4793 4795 4796
4796 4795 4797
4796 4797 4798
4798 4797 4799
4798 4799 4800
4800 4799 4801
4800 4801 4802
4801 4803 4802
4801 4804 4803
4805 4806 4807
4805 4808 4806
4809 4806 4808
4809 4808 4810
4811 4812 4813
4811 4813 4814
4815 4814 4813
4815 4816 4814
4817 4818 4819
4817 4820 4818
4820 4821 4818
4820 4822 4821
4823 4824 4825
4823 4825 4826
4827 4823 4826
4827 4826 4828
4828 4829 4827
4828 4830 4829
4831 4832 4833
4831 4833 4834
4835 4834 4833
4835 4833 4836
4835 4836 4837
4835 4837 4838
4839 4840 4841
4839 4841 4842
4843 4844 4845
4843 4845 4846
4847 4843 4846
4847 4846 4848
4849 4847 4848
4849 4848 4850
4851 4852 4853
4851 4854 4852
4854 4855 4852
4854 4856 4855
4857 4858 4859
4857 4860 4858
4860 4861 4858
4860 4862 4861
4862 4863 4861
4862 4864 4863
4864 4865 4863
4864 4866 4865
4866 4867 4865
4866 4868 4867
4869 4870 4871
4869 4871 4872
4873 4869 4872
4873 4872 4874
4875 4873 4874
4875 4874 4876
4877 4875 4876
4877 4878 4875
4879 4878 4877
4879 4877 4880
4881 4882 4883
4881 4884 4882
4884 4885 4882
4884 4886 4885
4887 4888 4889
4887 4889 4890
4891 4887 4890
4891 4890 4892
4893 4894 4895
4893 4896 4894
4896 4897 4894
4896 4898 4897
4899 4900 4901
4899 4901 4902
4903 4899 4902
4903 4902 4904
4905 4906 4907
4905 4908 4906
4908 4909 4906
4908 4910 4909
4911 4912 4913
4911 4914 4912
4915 4914 4911
4915 4911 4916
4917 4918 4919
4917 4919 4920
4921 4917 4920
4921 4920 4922
4923 4921 4922
4923 4922 4924
4925 4923 4924
4925 4924 4926
4927 4925 4926
4927 4926 4928
4929 4927 4928
4929 4928 4930
4931 4932 4933
4931 4934 4932
4934 4935 4932
4934 4936 4935
4936 4937 4935
4936 4938 4937
4939 4940 4941
4939 4941 4942
4943 4939 4942
4943 4942 4944
4945 4943 4944
4945 4944 4946
4947 4948 4949
4947 4949 4950
4951 4952 4953
4951 4953 4954
4952 4955 4953
4956 4951 4954
4956 4954 4957
4958 4956 4957
4958 4957 4959
4960 4951 4956
4958 4960 4956
4951 4960 4961
4951 4961 4952
4958 4962 4960
4952 4961 4963
4952 4964 4955
4952 4963 4964
4964 4965 4955
4966 4958 4959
4966 4962 4958
4966 4959 4967
4966 4968 4962
4964 4963 4969
4964 4969 4965
4969 4963 4968
4969 4970 4965
4971 4966 4967
4971 4968 4966
4969 4968 4971
4969 4971 4970
4971 4967 4970
4972 4973 4974
4972 4974 4975
4973 4976 4974
4977 4972 4975
4977 4975 4978
4979 4977 4978
4979 4978 4980
4981 4972 4977
4979 4981 4977
4972 4981 4982
4972 4982 4973
4979 4983 4981
4973 4982 4984
4973 4985 4976
4973 4984 4985
4985 4986 4976
4987 4979 4980
4987 4983 4979
4987 4980 4988
4987 4989 4983
4985 4984 4990
4985 4990 4986
4990 4984 4989
4990 4991 4986
4992 4987 4988
4992 4989 4987
4990 4989 4992
4990 4992 4991
4992 4988 4991
4993 4994 4995
4993 4995 4996
4994 4997 4995
4998 4993 4996
4998 4996 4999
5000 4998 4999
5000 4999 5001
5002 4993 4998
5000 5002 4998
4993 5002 5003
4993 5003 4994
5000 5004 5002
4994 5003 5005
4994 5006 4997
4994 5005 5006
5006 5007 4997
5008 5000 5001
5008 5004 5000
5008 5001 5009
5008 5010 5004
5006 5005 5011
5006 5011 5007
5011 5005 5010
5011 5012 5007
5013 5008 5009
5013 5010 5008
5011 5010 5013
5011 5013 5012
5013 5009 5012
5014 5015 5016
5014 5016 5017
5017 5016 5018
5019 5015 5014
5019 5020 5015
5021 5020 5019
5021 5022 5020
5023 5019 5014
5021 5019 5023
5014 5024 5023
5014 5017 5024
5021 5023 5025
5017 5026 5024
5017 5018 5027
5017 5027 5026
5027 5018 5028
5029 5022 5021
5029 5021 5025
5029 5030 5022
5029 5025 5031
5027 5032 5026
5027 5028 5032
5032 5031 5026
5032 5028 5033
5034 5033 5030
5034 5030 5029
5034 5029 5031
5032 5034 5031
5032 5033 5034
5035 5036 5037
5035 5037 5038
5038 5037 5039
5040 5036 5035
5040 5041 5036
5042 5041 5040
5042 5043 5041
5044 5040 5035
5042 5040 5044
5035 5045 5044
5035 5038 5045
5042 5044 5046
5038 5047 5045
5038 5039 5048
5038 5048 5047
5048 5039 5049
5050 5043 5042
5050 5042 5046
5050 5051 5043
5050 5046 5052
5048 5053 5047
5048 5049 5053
5053 5052 5047
5053 5049 5054
5055 5054 5051
5055 5051 5050
5055 5050 5052
5053 5055 5052
5053 5054 5055
5056 5057 5058
5056 5058 5059
5059 5058 5060
5061 5057 5056
5061 5062 5057
5063 5062 5061
5063 5064 5062
5065 5061 5056
5063 5061 5065
5056 5066 5065
5056 5059 5066
5063 5065 5067
5059 5068 5066
5059 5060 5069
5059 5069 5068
5069 5060 5070
5071 5064 5063
5071 5063 5067
5071 5072 5064
5071 5067 5073
5069 5074 5068
5069 5070 5074
5074 5073 5068
5074 5070 5075
5076 5075 5072
5076 5072 5071
5076 5071 5073
5074 5076 5073
5074 5075 5076
5077 5078 5079
5077 5079 5080
5081 5078 5077
5080 5079 5082
5081 5083 5078
5080 5082 5084
5085 5083 5081
5084 5082 5086
5085 5087 5083
5084 5086 5088
5089 5087 5085
5088 5086 5090
5089 5091 5087
5088 5090 5092
5092 5091 5089
5092 5090 5091
5093 5094 5095
5093 5095 5096
5097 5094 5093
5096 5095 5098
5097 5099 5094
5096 5098 5100
5101 5099 5097
5100 5098 5102
5101 5103 5099
5100 5102 5104
5105 5103 5101
5104 5102 5106
5105 5107 5103
5104 5106 5108
5108 5107 5105
5108 5106 5107
5109 5110 5111
5109 5111 5112
5110 5113 5111
5114 5109 5112
5110 5115 5113
5114 5112 5116
5115 5117 5113
5118 5114 5116
5115 5119 5117
5118 5116 5120
5119 5121 5117
5122 5118 5120
5119 5123 5121
5122 5120 5124
5123 5122 5124
5123 5124 5121
5125 5126 5127
5125 5127 5128
5126 5129 5127
5130 5125 5128
5126 5131 5129
5130 5128 5132
5131 5133 5129
5134 5130 5132
5131 5135 5133
5134 5132 5136
5135 5137 5133
5138 5134 5136
5135 5139 5137
5138 5136 5140
5139 5138 5140
5139 5140 5137
5141 5142 5143
5141 5143 5144
5145 5142 5141
5144 5143 5146
5145 5147 5142
5144 5146 5148
5149 5147 5145
5148 5146 5150
5149 5151 5147
5148 5150 5152
5153 5151 5149
5152 5150 5154
5153 5155 5151
5152 5154 5156
5156 5155 5153
5156 5154 5155
5157 5158 5159
5157 5159 5160
5161 5158 5157
5160 5159 5162
5161 5163 5158
5160 5162 5164
5165 5163 5161
5164 5162 5166
5165 5167 5163
5164 5166 5168
5169 5167 5165
5168 5166 5170
5169 5171 5167
5168 5170 5172
5172 5171 5169
5172 5170 5171
5173 5174 5175
5173 5175 5176
5177 5174 5173
5176 5175 5178
5177 5179 5174
5176 5178 5180
5181 5179 5177
5180 5178 5182
5181 5183 5179
5180 5182 5184
5185 5183 5181
5184 5182 5186
5185 5187 5183
5184 5186 5188
5188 5187 5185
5188 5186 5187
5189 5190 5191
5189 5191 5192
5190 5193 5191
5194 5189 5192
5190 5195 5193
5194 5192 5196
5195 5197 5193
5198 5194 5196
5195 5199 5197
5198 5196 5200
5199 5201 5197
5202 5198 5200
5199 5203 5201
5202 5200 5204
5203 5202 5204
5203 5204 5201
