byte offset: 0
first index: 7182
index count: 2706
topology: trianglelist
format: DXGI_FORMAT_R16_UINT

1433 1434 360
1433 360 332
356 358 1435
364 360 1434
369 368 1436
435 437 1437
1433 331 375
1433 375 1438
421 420 1439
374 1440 1438
449 451 1441
449 1441 450
414 454 1442
1443 1444 1445
1443 1446 1444
1443 1447 1448
1443 1449 1447
1443 1450 1449
1443 1451 1450
1443 1452 1451
1445 1434 1433
1445 1433 1453
1453 1433 1438
1453 1438 1454
1454 1438 1440
1454 1440 1455
1452 1455 1440
1452 1440 1441
1438 375 374
1433 332 331
364 1434 1456
364 1456 365
1456 398 365
1457 395 398
1457 398 1456
1442 454 421
1442 421 1439
1440 406 446
1442 1436 368
1442 368 414
1436 1435 358
1436 358 369
356 1435 1437
356 1437 437
1441 451 435
1441 435 1437
1439 420 1457
420 395 1457
1443 1448 1446
374 406 1440
1445 1444 1456
1445 1456 1434
1444 1446 1457
1444 1457 1456
1448 1447 1442
1448 1442 1439
1447 1449 1436
1447 1436 1442
1449 1450 1435
1449 1435 1436
1450 1451 1437
1450 1437 1435
1451 1452 1441
1451 1441 1437
1453 1443 1445
1454 1443 1453
1455 1443 1454
1452 1443 1455
1446 1448 1439
1446 1439 1457
1440 446 450
1441 1440 450
1458 1459 1460
1458 1460 1461
1462 1463 1464
1462 1464 1465
1462 1465 1466
1462 1466 1467
1464 1463 1468
1464 1468 1469
1461 1470 1471
1461 1471 1458
1472 1473 1474
1472 1474 1475
1476 1477 1478
1479 1480 1481
1479 1481 1482
1483 1484 1485
1483 1485 1486
1487 1488 1489
1487 1489 1490
1482 1481 1491
1482 1491 1492
1493 1494 1495
1487 1496 1497
1487 1497 1488
1498 1499 1500
1466 1501 1467
1502 1503 1477
1502 1477 1504
1505 1506 1478
1477 1503 1478
1478 1503 1505
1475 1474 1498
1475 1498 1500
1507 1508 1509
1507 1509 1510
1511 1512 1513
1510 1509 1511
1510 1511 1513
1484 1483 1514
1484 1514 1515
1516 1517 1518
1516 1518 1519
1491 1494 1493
1491 1493 1492
1515 1514 1480
1515 1480 1479
1486 1485 1517
1486 1517 1516
1519 1518 1520
1519 1520 1521
1459 1522 1523
1459 1523 1460
1469 1468 1523
1469 1523 1522
1470 1502 1504
1470 1504 1471
1490 1489 1521
1490 1521 1520
1496 1524 1497
1525 1526 1527
1525 1527 1528
1529 1530 1531
1529 1531 1532
1533 1534 1535
1536 1537 1538
1536 1538 1539
1540 1541 1542
1543 1544 1531
1545 1546 1547
1545 1547 1548
1547 1549 1548
1550 1551 1552
1550 1552 1553
1539 1538 1554
1539 1554 1555
1556 1557 1558
1556 1558 1559
1536 1539 1548
1536 1548 1549
1536 1560 1542
1539 1555 1545
1539 1545 1548
1536 1561 1560
1536 1549 1561
1544 1562 1532
1544 1532 1531
1542 1541 1537
1542 1537 1536
1542 1563 1540
1542 1560 1563
1559 1558 1551
1559 1551 1550
1525 1528 1557
1525 1557 1556
1553 1552 1533
1553 1533 1535
1530 1529 1527
1530 1527 1526
1546 1545 1544
1546 1544 1543
1545 1555 1544
1555 1554 1562
1555 1562 1544
1564 1041 1070
1564 1070 1565
1065 1566 1066
1073 1565 1070
1078 1567 1079
1144 1568 1145
1564 1569 1084
1564 1084 1042
1128 1570 1129
1085 1569 1571
1156 1572 1160
1156 1159 1572
1122 1573 1163
1574 1575 1576
1574 1576 1577
1574 1578 1579
1574 1579 1580
1574 1580 1581
1574 1581 1582
1574 1582 1583
1575 1584 1564
1575 1564 1565
1584 1585 1569
1584 1569 1564
1585 1586 1571
1585 1571 1569
1583 1572 1571
1583 1571 1586
1569 1085 1084
1564 1042 1041
1073 1072 1587
1073 1587 1565
1587 1072 1105
1588 1587 1105
1588 1105 1104
1573 1570 1128
1573 1128 1163
1571 1155 1115
1573 1122 1079
1573 1079 1567
1567 1078 1066
1567 1066 1566
1065 1145 1568
1065 1568 1566
1572 1568 1144
1572 1144 1160
1570 1588 1129
1129 1588 1104
1574 1577 1578
1085 1571 1115
1575 1565 1587
1575 1587 1576
1576 1587 1588
1576 1588 1577
1578 1570 1573
1578 1573 1579
1579 1573 1567
1579 1567 1580
1580 1567 1566
1580 1566 1581
1581 1566 1568
1581 1568 1582
1582 1568 1572
1582 1572 1583
1584 1575 1574
1585 1584 1574
1586 1585 1574
1583 1586 1574
1577 1588 1570
1577 1570 1578
1571 1159 1155
1572 1159 1571
1589 1590 1591
1589 1591 1592
1593 1594 1595
1593 1595 1596
1593 1597 1598
1593 1598 1594
1599 1596 1595
1599 1595 1600
1590 1589 1601
1590 1601 1602
1603 1604 1605
1603 1605 1606
1607 1608 1609
1610 1611 1612
1610 1612 1613
1614 1615 1616
1614 1616 1617
1618 1619 1620
1618 1620 1621
1611 1622 1623
1611 1623 1612
1624 1625 1626
1618 1621 1627
1618 1627 1628
1629 1630 1631
1598 1597 1632
1633 1634 1609
1633 1609 1635
1636 1608 1637
1609 1608 1635
1608 1636 1635
1629 1605 1604
1629 1604 1630
1638 1639 1640
1638 1640 1641
1642 1643 1644
1642 1640 1639
1642 1639 1643
1645 1614 1617
1645 1617 1646
1647 1648 1649
1647 1649 1650
1623 1622 1624
1623 1624 1626
1613 1645 1646
1613 1646 1610
1648 1616 1615
1648 1615 1649
1651 1647 1650
1651 1650 1652
1592 1591 1653
1592 1653 1654
1653 1599 1600
1653 1600 1654
1602 1601 1634
1602 1634 1633
1652 1620 1619
1652 1619 1651
1628 1627 1655
1656 1657 1658
1656 1658 1659
1660 1661 1662
1660 1662 1663
1664 1665 1666
1667 1668 1669
1667 1669 1670
1671 1672 1673
1674 1662 1675
1676 1677 1678
1676 1678 1679
1678 1677 1680
1681 1682 1683
1681 1683 1684
1668 1685 1686
1668 1686 1669
1687 1688 1689
1687 1689 1690
1667 1680 1677
1667 1677 1668
1667 1672 1691
1668 1677 1676
1668 1676 1685
1667 1691 1692
1667 1692 1680
1675 1661 1693
1675 1662 1661
1672 1667 1670
1672 1670 1673
1672 1671 1694
1672 1694 1691
1688 1681 1684
1688 1684 1689
1658 1687 1690
1658 1690 1659
1682 1665 1664
1682 1664 1683
1663 1657 1656
1663 1656 1660
1679 1674 1675
1679 1675 1676
1676 1675 1685
1685 1675 1693
1685 1693 1686
1695 1696 1697
1695 1697 1698
1699 1700 1701
1699 1701 1702
1703 1704 1705
1706 1707 1708
1709 1710 1711
1709 1711 1712
1713 1714 1715
1716 1717 1718
1716 1718 1719
1700 1720 1721
1700 1721 1701
1722 1723 1724
1722 1724 1725
1708 1726 1727
1708 1727 1706
1717 1728 1729
1717 1729 1718
1730 1731 1732
1730 1732 1733
1698 1697 1734
1698 1734 1735
1714 1736 1715
1737 1738 1739
1740 1741 1742
1740 1742 1743
1724 1744 1725
1745 1746 1716
1740 1743 1727
1740 1727 1726
1719 1718 1747
1719 1747 1748
1718 1749 1750
1751 1752 1753
1750 1754 1747
1749 1711 1755
1749 1755 1756
1757 1758 1759
1757 1759 1760
1760 1761 1762
1696 1713 1715
1696 1715 1697
1697 1715 1736
1697 1736 1734
1763 1757 1760
1718 1750 1747
1764 1765 1766
1767 1768 1769
1767 1769 1770
1765 1764 1768
1765 1768 1767
1771 1772 1773
1771 1773 1774
1775 1776 1777
1775 1777 1778
1779 1780 1781
1782 1783 1784
1782 1784 1785
1786 1787 1788
1786 1788 1789
1790 1791 1792
1790 1792 1793
1794 1795 1791
1794 1791 1790
1795 1794 1796
1795 1796 1797
1798 1799 1800
1800 1797 1796
1800 1796 1798
1760 1759 1801
1760 1801 1761
1802 1803 1804
1802 1804 1805
1770 1806 1807
1770 1807 1767
1767 1807 1808
1767 1808 1765
1809 1810 1811
1809 1811 1812
1776 1813 1814
1781 1780 1815
1781 1815 1816
1785 1784 1817
1785 1817 1818
1788 1787 1819
1788 1819 1820
1792 1791 1821
1792 1821 1822
1795 1823 1791
1765 1808 1766
1805 1804 1824
1805 1824 1825
1707 1706 1826
1827 1828 1701
1814 1813 1829
1814 1829 1830
1831 1745 1832
1828 1827 1833
1721 1746 1827
1721 1827 1701
1776 1814 1777
1834 1823 1835
1834 1835 1836
1837 1821 1834
1837 1834 1838
1737 1739 1839
1728 1733 1729
1840 1772 1771
1840 1771 1810
1841 1842 1843
1844 1845 1846
1847 1845 1844
1848 1737 1839
1849 1850 1739
1849 1739 1738
1805 1851 1802
1852 1851 1825
1839 1739 1850
1839 1850 1853
1854 1855 1856
1857 1858 1859
1860 1857 1859
1855 1861 1856
1862 1753 1843
1862 1843 1863
1754 1864 1846
1756 1847 1844
1865 1866 1867
1868 1865 1867
1869 1870 1871
1706 1727 1872
1706 1872 1826
1795 1797 1873
1795 1873 1823
1799 1874 1800
1800 1874 1873
1800 1873 1797
1872 1727 1743
1872 1743 1761
1865 1759 1758
1865 1758 1866
1868 1801 1759
1868 1759 1865
1875 1836 1870
1875 1870 1869
1762 1744 1763
1876 1705 1877
1876 1877 1878
1762 1743 1742
1760 1762 1763
1839 1853 1879
1839 1879 1848
1733 1712 1729
1733 1698 1735
1733 1735 1730
1695 1698 1733
1695 1733 1880
1809 1881 1840
1809 1840 1810
1838 1834 1836
1838 1836 1875
1882 1870 1836
1882 1836 1835
1871 1870 1882
1834 1821 1823
1809 1812 1883
1809 1883 1824
1850 1849 1710
1850 1710 1709
1732 1731 1879
1732 1879 1853
1853 1850 1709
1853 1709 1732
1804 1803 1884
1804 1884 1881
1770 1840 1885
1770 1885 1806
1881 1884 1885
1881 1885 1840
1825 1824 1883
1825 1883 1852
1825 1851 1805
1809 1824 1804
1809 1804 1881
1886 1887 1774
1886 1774 1777
1773 1778 1777
1773 1777 1774
1823 1821 1791
1811 1753 1862
1841 1843 1753
1841 1753 1752
1843 1842 1863
1887 1751 1771
1887 1771 1774
1811 1810 1771
1811 1771 1751
1840 1888 1772
1733 1728 1880
1840 1770 1769
1840 1769 1888
1729 1711 1749
1751 1887 1752
1750 1864 1754
1711 1729 1712
1733 1732 1709
1733 1709 1712
1750 1749 1756
1750 1756 1864
1864 1844 1846
1756 1755 1847
1864 1756 1844
1811 1751 1753
1743 1762 1761
1704 1889 1877
1878 1877 1724
1878 1724 1723
1744 1762 1725
1725 1742 1741
1725 1741 1722
1816 1890 1776
1816 1776 1781
1779 1781 1776
1779 1776 1775
1820 1817 1784
1820 1784 1788
1788 1784 1783
1788 1783 1789
1822 1819 1787
1822 1787 1792
1793 1792 1787
1793 1787 1786
1891 1703 1892
1893 1892 1705
1893 1705 1876
1699 1891 1892
1699 1892 1700
1785 1818 1815
1785 1815 1780
1893 1720 1700
1893 1700 1892
1782 1785 1780
1782 1780 1894
1821 1837 1822
1858 1857 1895
1858 1895 1831
1831 1895 1827
1831 1827 1745
1719 1748 1896
1719 1896 1745
1813 1890 1829
1716 1719 1745
1858 1897 1859
1814 1886 1777
1776 1890 1813
1895 1857 1860
1895 1860 1833
1827 1895 1833
1898 1861 1855
1898 1855 1829
1829 1855 1854
1829 1854 1830
1831 1832 1897
1831 1897 1858
1745 1827 1746
1828 1702 1701
1890 1898 1829
1718 1729 1749
1762 1742 1725
1889 1724 1877
1724 1889 1744
1704 1877 1705
1703 1705 1892
1832 1745 1896
1899 1900 1901
1899 1901 1902
1903 1904 1905
1903 1905 1906
1907 1908 1909
1910 1911 1912
1913 1914 1915
1913 1915 1916
1917 1918 1919
1920 1921 1922
1920 1922 1923
1924 1925 1906
1924 1906 1905
1926 1927 1928
1926 1928 1929
1911 1910 1930
1911 1930 1931
1923 1922 1932
1923 1932 1933
1934 1935 1936
1934 1936 1937
1900 1938 1939
1900 1939 1901
1919 1918 1940
1941 1942 1943
1944 1945 1946
1944 1946 1947
1928 1927 1948
1949 1920 1950
1944 1931 1930
1944 1930 1945
1921 1951 1952
1921 1952 1922
1922 1953 1954
1955 1956 1957
1953 1952 1958
1954 1959 1960
1954 1960 1915
1961 1962 1963
1961 1963 1964
1962 1965 1966
1902 1901 1918
1902 1918 1917
1901 1939 1940
1901 1940 1918
1967 1962 1961
1922 1952 1953
1968 1969 1970
1971 1972 1973
1971 1973 1974
1970 1971 1974
1970 1974 1968
1975 1976 1977
1975 1977 1978
1979 1980 1981
1979 1981 1982
1983 1984 1985
1986 1987 1988
1986 1988 1989
1990 1991 1992
1990 1992 1993
1994 1995 1996
1994 1996 1997
1998 1994 1997
1998 1997 1999
1999 2000 2001
1999 2001 1998
2002 2003 2004
2003 2002 2001
2003 2001 2000
1962 1966 2005
1962 2005 1963
2006 2007 2008
2006 2008 2009
1972 1971 2010
1972 2010 2011
1971 1970 2012
1971 2012 2010
2013 2014 2015
2013 2015 2016
1982 2017 2018
2019 1985 1984
2019 1984 2020
2021 1988 1987
2021 1987 2022
1992 2023 2024
1992 2024 1993
2025 1997 1996
2025 1996 2026
1999 1997 2027
1970 1969 2012
2007 2028 2029
2007 2029 2008
1912 2030 1910
2031 1905 2032
2017 2033 2034
2017 2034 2018
2035 2036 1949
2032 2037 2031
1924 1905 2031
1924 2031 1950
1982 1981 2017
2038 2039 2040
2038 2040 2027
2041 2042 2038
2041 2038 2025
1941 2043 1942
1933 1932 1935
2044 2016 1975
2044 1975 1978
2045 2046 2047
2048 2049 2050
2051 2048 2050
2052 2043 1941
2053 1943 1942
2053 1942 2054
2007 2006 2055
2056 2028 2055
2043 2057 2054
2043 2054 1942
2058 2059 2060
2061 2062 2063
2064 2062 2061
2060 2059 2065
2066 2067 2046
2066 2046 1956
1958 2049 2068
1959 2048 2051
2069 2070 2071
2072 2070 2069
2073 2074 2075
1910 2030 2076
1910 2076 1930
1999 2027 2077
1999 2077 2000
2004 2003 2078
2003 2000 2077
2003 2077 2078
1945 1930 2076
1945 2076 1966
2069 2071 1964
2069 1964 1963
2072 2069 1963
2072 1963 2005
2079 2073 2075
2079 2075 2039
1965 1967 1948
2080 1908 2081
2080 2081 2082
1965 1946 1945
1962 1967 1965
2043 2052 2083
2043 2083 2057
1935 1932 1914
1935 1934 1938
1935 1938 1900
1899 2084 1935
1899 1935 1900
2013 2016 2044
2013 2044 2085
2042 2079 2039
2042 2039 2038
2086 2040 2039
2086 2039 2075
2074 2086 2075
2038 2027 2025
2013 2029 2087
2013 2087 2014
2054 1913 1916
2054 1916 2053
1936 2057 2083
1936 2083 1937
2057 1936 1913
2057 1913 2054
2008 2085 2088
2008 2088 2009
1972 2011 2089
1972 2089 2044
2085 2044 2089
2085 2089 2088
2028 2056 2087
2028 2087 2029
2028 2007 2055
2013 2085 2008
2013 2008 2029
2090 1981 1976
2090 1976 2091
1977 1976 1981
1977 1981 1980
2027 1997 2025
2015 2066 1956
2045 1957 1956
2045 1956 2046
2046 2067 2047
2091 1976 1975
2091 1975 1955
2015 1955 1975
2015 1975 2016
2044 1978 2092
1935 2084 1933
2044 2092 1973
2044 1973 1972
1932 1954 1915
1955 1957 2091
1953 1958 2068
1915 1914 1932
1935 1914 1913
1935 1913 1936
1953 2068 1959
1953 1959 1954
2068 2049 2048
1959 2051 1960
2068 2048 1959
2015 1956 1955
1945 1966 1965
1909 2080 2093
1928 2080 2082
1928 2082 1929
1948 1927 1965
1927 1926 1947
1927 1947 1946
2020 1984 1982
2020 1982 2094
1982 1984 1983
1982 1983 1979
2023 1992 1988
2023 1988 2021
1992 1991 1989
1992 1989 1988
2026 1996 1993
2026 1993 2024
1993 1996 1995
1993 1995 1990
2095 2096 1907
1908 2096 2097
1908 2097 2081
1903 1906 2096
1903 2096 2095
2019 2022 1987
2019 1987 1985
2097 2096 1906
2097 1906 1925
1986 2098 1985
1986 1985 1987
2025 2026 2041
2063 2035 2099
2063 2099 2061
2035 1949 2031
2035 2031 2099
1921 1949 2100
1921 2100 1951
2018 2034 2094
1920 1949 1921
2063 2062 2101
2017 1981 2090
1982 2018 2094
2099 2037 2064
2099 2064 2061
2031 2037 2099
2102 2034 2060
2102 2060 2065
2034 2033 2058
2034 2058 2060
2101 2036 2035
2101 2035 2063
1949 1950 2031
2032 1905 1904
2094 2034 2102
1922 1954 1932
1965 1927 1946
2093 2080 1928
1928 1948 2093
1909 1908 2080
1907 2096 1908
2036 2100 1949
1894 1780 1779
1985 2098 1983
