byte offset: 0
first index: 0
index count: 11472
topology: trianglelist
format: DXGI_FORMAT_R16_UINT

0 1 2
0 2 3
0 3 4
5 6 7
5 7 8
9 10 5
9 5 8
11 12 10
11 10 9
13 14 15
13 15 16
13 16 17
18 19 20
18 20 21
1 22 23
1 23 2
24 25 26
24 26 27
28 29 30
28 30 31
32 33 34
32 34 35
34 36 37
34 37 35
38 39 40
38 40 41
42 43 44
42 44 45
46 47 48
31 30 49
31 49 50
51 23 22
13 11 14
13 12 11
52 53 54
52 54 55
56 57 58
56 58 59
60 61 62
60 62 63
64 65 53
64 53 52
66 67 68
66 68 69
70 71 72
70 72 73
74 75 76
74 76 77
78 79 80
78 80 81
46 48 82
46 82 83
84 3 2
84 2 85
84 86 3
7 87 88
7 88 8
8 88 89
8 89 9
89 90 11
89 11 9
91 92 93
91 93 14
91 94 92
95 20 19
95 19 96
85 2 23
85 23 97
98 99 100
98 100 101
102 103 104
102 104 105
106 107 108
106 108 109
106 109 110
106 110 111
112 113 114
112 114 115
116 117 118
116 118 119
120 121 122
123 102 105
123 105 124
51 97 23
91 14 11
91 11 90
125 126 127
125 127 128
129 130 131
129 131 132
133 134 135
133 135 136
137 125 128
137 128 138
139 140 141
139 141 142
143 144 145
143 145 146
147 148 149
147 149 150
151 152 153
151 153 154
120 155 121
120 156 155
157 158 159
157 159 160
161 162 163
161 163 164
25 40 39
25 39 26
115 114 101
115 101 100
165 166 167
165 167 168
165 169 166
170 171 172
170 172 173
172 174 175
172 175 173
174 176 177
174 177 175
178 179 180
178 180 181
178 182 179
183 184 185
183 185 186
168 167 187
168 187 188
189 190 191
189 191 192
193 194 195
193 195 196
197 198 199
197 199 200
197 200 201
197 201 202
203 204 205
203 205 206
207 208 209
207 209 210
211 212 213
214 193 196
214 196 215
216 188 187
178 181 177
178 177 176
217 218 219
217 219 220
221 222 223
221 223 224
225 226 227
225 227 228
229 217 220
229 220 230
231 232 233
231 233 234
235 236 237
235 237 238
239 240 241
239 241 242
243 244 245
243 245 246
211 247 212
211 248 247
249 250 167
249 167 166
249 166 251
173 252 253
173 253 170
175 254 252
175 252 173
177 255 254
177 254 175
256 181 257
256 257 258
256 258 259
260 184 183
260 183 261
250 262 187
250 187 167
263 264 265
263 265 266
267 268 269
267 269 270
271 272 273
271 273 274
273 275 276
273 276 274
277 278 279
277 279 280
281 282 283
281 283 284
285 286 287
270 269 288
270 288 289
216 187 262
256 177 181
256 255 177
290 291 292
290 292 293
294 295 296
294 296 297
298 299 300
298 300 301
302 303 291
302 291 290
304 305 306
304 306 307
308 309 310
308 310 311
312 313 314
312 314 315
316 317 318
316 318 319
285 287 320
285 320 321
322 323 324
322 324 325
326 327 328
326 328 329
206 205 192
206 192 191
278 265 264
278 264 279
330 331 332
333 330 332
333 332 334
335 336 337
335 337 338
339 340 341
342 340 339
342 339 330
343 344 336
343 336 335
341 344 343
338 337 345
346 347 338
346 338 345
339 341 343
330 339 343
330 343 335
342 330 333
338 331 335
347 331 338
330 335 331
348 332 331
349 334 332
349 332 348
350 351 352
350 352 353
354 355 356
354 356 357
354 357 348
358 350 353
358 353 359
355 358 359
352 351 360
346 360 351
346 351 347
354 358 355
358 354 348
358 348 350
357 349 348
351 350 331
347 351 331
348 331 350
361 362 363
364 365 362
364 362 361
366 367 368
366 368 369
370 371 372
370 372 373
370 373 361
374 366 369
374 369 375
371 374 375
368 367 376
377 376 367
377 367 378
370 374 371
374 370 361
374 361 366
373 364 361
367 366 363
378 367 363
361 363 366
379 363 362
380 379 362
380 362 365
381 382 383
381 383 384
385 386 387
388 386 385
388 385 379
389 390 382
389 382 381
387 390 389
384 383 391
377 378 384
377 384 391
385 387 389
379 385 389
379 389 381
388 379 380
384 363 381
378 363 384
379 381 363
21 20 392
45 44 393
45 393 394
20 95 395
396 116 119
396 119 397
183 186 398
399 207 210
399 210 400
261 183 401
283 282 402
283 402 403
404 19 18
405 406 43
405 43 42
19 407 96
117 408 409
117 409 118
184 410 185
208 411 412
208 412 209
413 184 260
414 415 281
414 281 284
4 3 19
4 19 404
37 36 406
37 406 405
3 86 407
3 407 19
111 110 409
111 409 408
184 166 169
184 169 410
411 202 201
411 201 412
251 166 184
251 184 413
414 276 275
414 275 415
20 416 417
20 417 392
68 67 418
419 416 20
419 20 395
139 142 420
421 160 159
421 159 422
161 164 423
161 423 424
425 426 183
425 183 398
232 231 427
183 426 428
183 428 401
306 305 429
322 325 430
322 430 431
432 329 328
432 328 433
7 6 417
7 417 416
66 69 434
87 7 416
87 416 419
141 140 435
171 170 426
171 426 425
234 233 436
426 170 253
426 253 428
304 307 437
61 60 158
61 158 157
162 135 134
162 134 163
323 227 226
323 226 324
299 298 327
299 327 326
438 434 69
438 69 59
141 435 439
141 439 132
234 436 440
234 440 224
437 307 297
437 297 441
59 58 438
442 443 63
442 63 62
129 132 439
136 444 445
136 445 133
221 224 440
228 446 447
228 447 225
297 296 441
448 449 301
448 301 300
442 55 54
442 54 443
57 56 75
57 75 74
444 127 126
444 126 445
148 131 130
148 130 149
446 219 218
446 218 447
240 223 222
240 222 241
293 292 449
293 449 448
295 294 313
295 313 312
450 451 452
450 452 453
450 453 454
455 456 457
455 457 458
459 460 455
459 455 458
461 462 460
461 460 459
463 464 465
463 465 466
463 466 467
468 469 470
468 470 471
451 472 473
451 473 452
474 475 476
474 476 477
478 479 480
478 480 481
482 483 484
482 484 485
484 486 487
484 487 485
488 489 490
488 490 491
492 493 494
492 494 495
496 497 498
481 480 499
481 499 500
501 473 472
463 461 464
463 462 461
502 503 504
502 504 505
506 507 508
506 508 509
510 511 512
510 512 513
514 515 503
514 503 502
516 517 518
516 518 519
520 521 522
520 522 523
524 525 526
524 526 527
528 529 530
528 530 531
496 498 532
496 532 533
534 453 452
534 452 535
534 536 453
457 537 538
457 538 458
458 538 539
458 539 459
539 540 461
539 461 459
541 542 543
541 543 464
541 544 542
545 470 469
545 469 546
535 452 473
535 473 547
548 549 550
548 550 551
552 553 554
552 554 555
556 557 558
556 558 559
556 559 560
556 560 561
562 563 564
562 564 565
566 567 568
566 568 569
570 571 572
573 552 555
573 555 574
501 547 473
541 464 461
541 461 540
575 576 577
575 577 578
579 580 581
579 581 582
583 584 585
583 585 586
587 575 578
587 578 588
589 590 591
589 591 592
593 594 595
593 595 596
597 598 599
597 599 600
601 602 603
601 603 604
570 605 571
570 606 605
607 608 609
607 609 610
611 612 613
611 613 614
475 490 489
475 489 476
565 564 551
565 551 550
615 616 617
615 617 618
615 619 616
620 621 622
620 622 623
622 624 625
622 625 623
624 626 627
624 627 625
628 629 630
628 630 631
628 632 629
633 634 635
633 635 636
618 617 637
618 637 638
639 640 641
639 641 642
643 644 645
643 645 646
647 648 649
647 649 650
647 650 651
647 651 652
653 654 655
653 655 656
657 658 659
657 659 660
661 662 663
664 643 646
664 646 665
666 638 637
628 631 627
628 627 626
667 668 669
667 669 670
671 672 673
671 673 674
675 676 677
675 677 678
679 667 670
679 670 680
681 682 683
681 683 684
685 686 687
685 687 688
689 690 691
689 691 692
693 694 695
693 695 696
661 697 662
661 698 697
699 700 617
699 617 616
699 616 701
623 702 703
623 703 620
625 704 702
625 702 623
627 705 704
627 704 625
706 631 707
706 707 708
706 708 709
710 634 633
710 633 711
700 712 637
700 637 617
713 714 715
713 715 716
717 718 719
717 719 720
721 722 723
721 723 724
723 725 726
723 726 724
727 728 729
727 729 730
731 732 733
731 733 734
735 736 737
720 719 738
720 738 739
666 637 712
706 627 631
706 705 627
740 741 742
740 742 743
744 745 746
744 746 747
748 749 750
748 750 751
752 753 741
752 741 740
754 755 756
754 756 757
758 759 760
758 760 761
762 763 764
762 764 765
766 767 768
766 768 769
735 737 770
735 770 771
772 773 774
772 774 775
776 777 778
776 778 779
656 655 642
656 642 641
728 715 714
728 714 729
780 781 782
783 780 782
783 782 784
785 786 787
785 787 788
789 790 791
792 790 789
792 789 780
793 794 786
793 786 785
791 794 793
788 787 795
796 797 788
796 788 795
789 791 793
780 789 793
780 793 785
792 780 783
788 781 785
797 781 788
780 785 781
798 782 781
799 784 782
799 782 798
800 801 802
800 802 803
804 805 806
804 806 807
804 807 798
808 800 803
808 803 809
805 808 809
802 801 810
796 810 801
796 801 797
804 808 805
808 804 798
808 798 800
807 799 798
801 800 781
797 801 781
798 781 800
811 812 813
814 815 812
814 812 811
816 817 818
816 818 819
820 821 822
820 822 823
820 823 811
824 816 819
824 819 825
821 824 825
818 817 826
827 826 817
827 817 828
820 824 821
824 820 811
824 811 816
823 814 811
817 816 813
828 817 813
811 813 816
829 813 812
830 829 812
830 812 815
831 832 833
831 833 834
835 836 837
838 836 835
838 835 829
839 840 832
839 832 831
837 840 839
834 833 841
827 828 834
827 834 841
835 837 839
829 835 839
829 839 831
838 829 830
834 813 831
828 813 834
829 831 813
471 470 842
495 494 843
495 843 844
470 545 845
846 566 569
846 569 847
633 636 848
849 657 660
849 660 850
711 633 851
733 732 852
733 852 853
854 469 468
855 856 493
855 493 492
469 857 546
567 858 859
567 859 568
634 860 635
658 861 862
658 862 659
863 634 710
864 865 731
864 731 734
454 453 469
454 469 854
487 486 856
487 856 855
453 536 857
453 857 469
561 560 859
561 859 858
634 616 619
634 619 860
861 652 651
861 651 862
701 616 634
701 634 863
864 726 725
864 725 865
470 866 867
470 867 842
518 517 868
869 866 470
869 470 845
589 592 870
871 610 609
871 609 872
611 614 873
611 873 874
875 876 633
875 633 848
682 681 877
633 876 878
633 878 851
756 755 879
772 775 880
772 880 881
882 779 778
882 778 883
457 456 867
457 867 866
516 519 884
537 457 866
537 866 869
591 590 885
621 620 876
621 876 875
684 683 886
876 620 703
876 703 878
754 757 887
511 510 608
511 608 607
612 585 584
612 584 613
773 677 676
773 676 774
749 748 777
749 777 776
888 884 519
888 519 509
591 885 889
591 889 582
684 886 890
684 890 674
887 757 747
887 747 891
509 508 888
892 893 513
892 513 512
579 582 889
586 894 895
586 895 583
671 674 890
678 896 897
678 897 675
747 746 891
898 899 751
898 751 750
892 505 504
892 504 893
507 506 525
507 525 524
894 577 576
894 576 895
598 581 580
598 580 599
896 669 668
896 668 897
690 673 672
690 672 691
743 742 899
743 899 898
745 744 763
745 763 762
900 901 902
900 902 903
900 903 904
905 906 907
905 907 908
909 910 905
909 905 908
911 912 910
911 910 909
913 914 915
913 915 916
913 916 917
918 919 920
918 920 921
901 922 923
901 923 902
924 925 926
924 926 927
928 929 930
928 930 931
932 933 934
932 934 935
934 936 937
934 937 935
938 939 940
938 940 941
942 943 944
942 944 945
946 947 948
931 930 949
931 949 950
951 923 922
913 911 914
913 912 911
952 953 954
952 954 955
956 957 958
956 958 959
960 961 962
960 962 963
964 965 953
964 953 952
966 967 968
966 968 969
970 971 972
970 972 973
974 975 976
974 976 977
978 979 980
978 980 981
946 948 982
946 982 983
984 903 902
984 902 985
984 986 903
907 987 988
907 988 908
908 988 989
908 989 909
989 990 911
989 911 909
991 992 993
991 993 914
991 994 992
995 920 919
995 919 996
985 902 923
985 923 997
998 999 1000
998 1000 1001
1002 1003 1004
1002 1004 1005
1006 1007 1008
1006 1008 1009
1006 1009 1010
1006 1010 1011
1012 1013 1014
1012 1014 1015
1016 1017 1018
1016 1018 1019
1020 1021 1022
1023 1002 1005
1023 1005 1024
951 997 923
991 914 911
991 911 990
1025 1026 1027
1025 1027 1028
1029 1030 1031
1029 1031 1032
1033 1034 1035
1033 1035 1036
1037 1025 1028
1037 1028 1038
1039 1040 1041
1039 1041 1042
1043 1044 1045
1043 1045 1046
1047 1048 1049
1047 1049 1050
1051 1052 1053
1051 1053 1054
1020 1055 1021
1020 1056 1055
1057 1058 1059
1057 1059 1060
1061 1062 1063
1061 1063 1064
925 940 939
925 939 926
1015 1014 1001
1015 1001 1000
1065 1066 1067
1065 1067 1068
1065 1069 1066
1070 1071 1072
1070 1072 1073
1072 1074 1075
1072 1075 1073
1074 1076 1077
1074 1077 1075
1078 1079 1080
1078 1080 1081
1078 1082 1079
1083 1084 1085
1083 1085 1086
1068 1067 1087
1068 1087 1088
1089 1090 1091
1089 1091 1092
1093 1094 1095
1093 1095 1096
1097 1098 1099
1097 1099 1100
1097 1100 1101
1097 1101 1102
1103 1104 1105
1103 1105 1106
1107 1108 1109
1107 1109 1110
1111 1112 1113
1114 1093 1096
1114 1096 1115
1116 1088 1087
1078 1081 1077
1078 1077 1076
1117 1118 1119
1117 1119 1120
1121 1122 1123
1121 1123 1124
1125 1126 1127
1125 1127 1128
1129 1117 1120
1129 1120 1130
1131 1132 1133
1131 1133 1134
1135 1136 1137
1135 1137 1138
1139 1140 1141
1139 1141 1142
1143 1144 1145
1143 1145 1146
1111 1147 1112
1111 1148 1147
1149 1150 1067
1149 1067 1066
1149 1066 1151
1073 1152 1153
1073 1153 1070
1075 1154 1152
1075 1152 1073
1077 1155 1154
1077 1154 1075
1156 1081 1157
1156 1157 1158
1156 1158 1159
1160 1084 1083
1160 1083 1161
1150 1162 1087
1150 1087 1067
1163 1164 1165
1163 1165 1166
1167 1168 1169
1167 1169 1170
1171 1172 1173
1171 1173 1174
1173 1175 1176
1173 1176 1174
1177 1178 1179
1177 1179 1180
1181 1182 1183
1181 1183 1184
1185 1186 1187
1170 1169 1188
1170 1188 1189
1116 1087 1162
1156 1077 1081
1156 1155 1077
1190 1191 1192
1190 1192 1193
1194 1195 1196
1194 1196 1197
1198 1199 1200
1198 1200 1201
1202 1203 1191
1202 1191 1190
1204 1205 1206
1204 1206 1207
1208 1209 1210
1208 1210 1211
1212 1213 1214
1212 1214 1215
1216 1217 1218
1216 1218 1219
1185 1187 1220
1185 1220 1221
1222 1223 1224
1222 1224 1225
1226 1227 1228
1226 1228 1229
1106 1105 1092
1106 1092 1091
1178 1165 1164
1178 1164 1179
1230 1231 1232
1233 1230 1232
1233 1232 1234
1235 1236 1237
1235 1237 1238
1239 1240 1241
1242 1240 1239
1242 1239 1230
1243 1244 1236
1243 1236 1235
1241 1244 1243
1238 1237 1245
1246 1247 1238
1246 1238 1245
1239 1241 1243
1230 1239 1243
1230 1243 1235
1242 1230 1233
1238 1231 1235
1247 1231 1238
1230 1235 1231
1248 1232 1231
1249 1234 1232
1249 1232 1248
1250 1251 1252
1250 1252 1253
1254 1255 1256
1254 1256 1257
1254 1257 1248
1258 1250 1253
1258 1253 1259
1255 1258 1259
1252 1251 1260
1246 1260 1251
1246 1251 1247
1254 1258 1255
1258 1254 1248
1258 1248 1250
1257 1249 1248
1251 1250 1231
1247 1251 1231
1248 1231 1250
1261 1262 1263
1264 1265 1262
1264 1262 1261
1266 1267 1268
1266 1268 1269
1270 1271 1272
1270 1272 1273
1270 1273 1261
1274 1266 1269
1274 1269 1275
1271 1274 1275
1268 1267 1276
1277 1276 1267
1277 1267 1278
1270 1274 1271
1274 1270 1261
1274 1261 1266
1273 1264 1261
1267 1266 1263
1278 1267 1263
1261 1263 1266
1279 1263 1262
1280 1279 1262
1280 1262 1265
1281 1282 1283
1281 1283 1284
1285 1286 1287
1288 1286 1285
1288 1285 1279
1289 1290 1282
1289 1282 1281
1287 1290 1289
1284 1283 1291
1277 1278 1284
1277 1284 1291
1285 1287 1289
1279 1285 1289
1279 1289 1281
1288 1279 1280
1284 1263 1281
1278 1263 1284
1279 1281 1263
921 920 1292
945 944 1293
945 1293 1294
920 995 1295
1296 1016 1019
1296 1019 1297
1083 1086 1298
1299 1107 1110
1299 1110 1300
1161 1083 1301
1183 1182 1302
1183 1302 1303
1304 919 918
1305 1306 943
1305 943 942
919 1307 996
1017 1308 1309
1017 1309 1018
1084 1310 1085
1108 1311 1312
1108 1312 1109
1313 1084 1160
1314 1315 1181
1314 1181 1184
904 903 919
904 919 1304
937 936 1306
937 1306 1305
903 986 1307
903 1307 919
1011 1010 1309
1011 1309 1308
1084 1066 1069
1084 1069 1310
1311 1102 1101
1311 1101 1312
1151 1066 1084
1151 1084 1313
1314 1176 1175
1314 1175 1315
920 1316 1317
920 1317 1292
968 967 1318
1319 1316 920
1319 920 1295
1039 1042 1320
1321 1060 1059
1321 1059 1322
1061 1064 1323
1061 1323 1324
1325 1326 1083
1325 1083 1298
1132 1131 1327
1083 1326 1328
1083 1328 1301
1206 1205 1329
1222 1225 1330
1222 1330 1331
1332 1229 1228
1332 1228 1333
907 906 1317
907 1317 1316
966 969 1334
987 907 1316
987 1316 1319
1041 1040 1335
1071 1070 1326
1071 1326 1325
1134 1133 1336
1326 1070 1153
1326 1153 1328
1204 1207 1337
961 960 1058
961 1058 1057
1062 1035 1034
1062 1034 1063
1223 1127 1126
1223 1126 1224
1199 1198 1227
1199 1227 1226
1338 1334 969
1338 969 959
1041 1335 1339
1041 1339 1032
1134 1336 1340
1134 1340 1124
1337 1207 1197
1337 1197 1341
959 958 1338
1342 1343 963
1342 963 962
1029 1032 1339
1036 1344 1345
1036 1345 1033
1121 1124 1340
1128 1346 1347
1128 1347 1125
1197 1196 1341
1348 1349 1201
1348 1201 1200
1342 955 954
1342 954 1343
957 956 975
957 975 974
1344 1027 1026
1344 1026 1345
1048 1031 1030
1048 1030 1049
1346 1119 1118
1346 1118 1347
1140 1123 1122
1140 1122 1141
1193 1192 1349
1193 1349 1348
1195 1194 1213
1195 1213 1212
1350 1351 1352
1350 1352 1353
1350 1353 1354
1355 1356 1357
1355 1357 1358
1359 1360 1355
1359 1355 1358
1361 1362 1360
1361 1360 1359
1363 1364 1365
1363 1365 1366
1363 1366 1367
1368 1369 1370
1368 1370 1371
1351 1372 1373
1351 1373 1352
1374 1375 1376
1374 1376 1377
1378 1379 1380
1378 1380 1381
1382 1383 1384
1382 1384 1385
1384 1386 1387
1384 1387 1385
1388 1389 1390
1388 1390 1391
1392 1393 1394
1392 1394 1395
1396 1397 1398
1381 1380 1399
1381 1399 1400
1401 1373 1372
1363 1361 1364
1363 1362 1361
1402 1403 1404
1402 1404 1405
1406 1407 1408
1406 1408 1409
1410 1411 1412
1410 1412 1413
1414 1415 1403
1414 1403 1402
1416 1417 1418
1416 1418 1419
1420 1421 1422
1420 1422 1423
1424 1425 1426
1424 1426 1427
1428 1429 1430
1428 1430 1431
1396 1398 1432
1396 1432 1433
1434 1353 1352
1434 1352 1435
1434 1436 1353
1357 1437 1438
1357 1438 1358
1358 1438 1439
1358 1439 1359
1439 1440 1361
1439 1361 1359
1441 1442 1443
1441 1443 1364
1441 1444 1442
1445 1370 1369
1445 1369 1446
1435 1352 1373
1435 1373 1447
1448 1449 1450
1448 1450 1451
1452 1453 1454
1452 1454 1455
1456 1457 1458
1456 1458 1459
1456 1459 1460
1456 1460 1461
1462 1463 1464
1462 1464 1465
1466 1467 1468
1466 1468 1469
1470 1471 1472
1473 1452 1455
1473 1455 1474
1401 1447 1373
1441 1364 1361
1441 1361 1440
1475 1476 1477
1475 1477 1478
1479 1480 1481
1479 1481 1482
1483 1484 1485
1483 1485 1486
1487 1475 1478
1487 1478 1488
1489 1490 1491
1489 1491 1492
1493 1494 1495
1493 1495 1496
1497 1498 1499
1497 1499 1500
1501 1502 1503
1501 1503 1504
1470 1505 1471
1470 1506 1505
1507 1508 1509
1507 1509 1510
1511 1512 1513
1511 1513 1514
1375 1390 1389
1375 1389 1376
1465 1464 1451
1465 1451 1450
1515 1516 1517
1515 1517 1518
1515 1519 1516
1520 1521 1522
1520 1522 1523
1522 1524 1525
1522 1525 1523
1524 1526 1527
1524 1527 1525
1528 1529 1530
1528 1530 1531
1528 1532 1529
1533 1534 1535
1533 1535 1536
1518 1517 1537
1518 1537 1538
1539 1540 1541
1539 1541 1542
1543 1544 1545
1543 1545 1546
1547 1548 1549
1547 1549 1550
1547 1550 1551
1547 1551 1552
1553 1554 1555
1553 1555 1556
1557 1558 1559
1557 1559 1560
1561 1562 1563
1564 1543 1546
1564 1546 1565
1566 1538 1537
1528 1531 1527
1528 1527 1526
1567 1568 1569
1567 1569 1570
1571 1572 1573
1571 1573 1574
1575 1576 1577
1575 1577 1578
1579 1567 1570
1579 1570 1580
1581 1582 1583
1581 1583 1584
1585 1586 1587
1585 1587 1588
1589 1590 1591
1589 1591 1592
1593 1594 1595
1593 1595 1596
1561 1597 1562
1561 1598 1597
1599 1600 1517
1599 1517 1516
1599 1516 1601
1523 1602 1603
1523 1603 1520
1525 1604 1602
1525 1602 1523
1527 1605 1604
1527 1604 1525
1606 1531 1607
1606 1607 1608
1606 1608 1609
1610 1534 1533
1610 1533 1611
1600 1612 1537
1600 1537 1517
1613 1614 1615
1613 1615 1616
1617 1618 1619
1617 1619 1620
1621 1622 1623
1621 1623 1624
1623 1625 1626
1623 1626 1624
1627 1628 1629
1627 1629 1630
1631 1632 1633
1631 1633 1634
1635 1636 1637
1620 1619 1638
1620 1638 1639
1566 1537 1612
1606 1527 1531
1606 1605 1527
1640 1641 1642
1640 1642 1643
1644 1645 1646
1644 1646 1647
1648 1649 1650
1648 1650 1651
1652 1653 1641
1652 1641 1640
1654 1655 1656
1654 1656 1657
1658 1659 1660
1658 1660 1661
1662 1663 1664
1662 1664 1665
1666 1667 1668
1666 1668 1669
1635 1637 1670
1635 1670 1671
1672 1673 1674
1672 1674 1675
1676 1677 1678
1676 1678 1679
1556 1555 1542
1556 1542 1541
1628 1615 1614
1628 1614 1629
1680 1681 1682
1683 1680 1682
1683 1682 1684
1685 1686 1687
1685 1687 1688
1689 1690 1691
1692 1690 1689
1692 1689 1680
1693 1694 1686
1693 1686 1685
1691 1694 1693
1688 1687 1695
1696 1697 1688
1696 1688 1695
1689 1691 1693
1680 1689 1693
1680 1693 1685
1692 1680 1683
1688 1681 1685
1697 1681 1688
1680 1685 1681
1698 1682 1681
1699 1684 1682
1699 1682 1698
1700 1701 1702
1700 1702 1703
1704 1705 1706
1704 1706 1707
1704 1707 1698
1708 1700 1703
1708 1703 1709
1705 1708 1709
1702 1701 1710
1696 1710 1701
1696 1701 1697
1704 1708 1705
1708 1704 1698
1708 1698 1700
1707 1699 1698
1701 1700 1681
1697 1701 1681
1698 1681 1700
1711 1712 1713
1714 1715 1712
1714 1712 1711
1716 1717 1718
1716 1718 1719
1720 1721 1722
1720 1722 1723
1720 1723 1711
1724 1716 1719
1724 1719 1725
1721 1724 1725
1718 1717 1726
1727 1726 1717
1727 1717 1728
1720 1724 1721
1724 1720 1711
1724 1711 1716
1723 1714 1711
1717 1716 1713
1728 1717 1713
1711 1713 1716
1729 1713 1712
1730 1729 1712
1730 1712 1715
1731 1732 1733
1731 1733 1734
1735 1736 1737
1738 1736 1735
1738 1735 1729
1739 1740 1732
1739 1732 1731
1737 1740 1739
1734 1733 1741
1727 1728 1734
1727 1734 1741
1735 1737 1739
1729 1735 1739
1729 1739 1731
1738 1729 1730
1734 1713 1731
1728 1713 1734
1729 1731 1713
1371 1370 1742
1395 1394 1743
1395 1743 1744
1370 1445 1745
1746 1466 1469
1746 1469 1747
1533 1536 1748
1749 1557 1560
1749 1560 1750
1611 1533 1751
1633 1632 1752
1633 1752 1753
1754 1369 1368
1755 1756 1393
1755 1393 1392
1369 1757 1446
1467 1758 1759
1467 1759 1468
1534 1760 1535
1558 1761 1762
1558 1762 1559
1763 1534 1610
1764 1765 1631
1764 1631 1634
1354 1353 1369
1354 1369 1754
1387 1386 1756
1387 1756 1755
1353 1436 1757
1353 1757 1369
1461 1460 1759
1461 1759 1758
1534 1516 1519
1534 1519 1760
1761 1552 1551
1761 1551 1762
1601 1516 1534
1601 1534 1763
1764 1626 1625
1764 1625 1765
1370 1766 1767
1370 1767 1742
1418 1417 1768
1769 1766 1370
1769 1370 1745
1489 1492 1770
1771 1510 1509
1771 1509 1772
1511 1514 1773
1511 1773 1774
1775 1776 1533
1775 1533 1748
1582 1581 1777
1533 1776 1778
1533 1778 1751
1656 1655 1779
1672 1675 1780
1672 1780 1781
1782 1679 1678
1782 1678 1783
1357 1356 1767
1357 1767 1766
1416 1419 1784
1437 1357 1766
1437 1766 1769
1491 1490 1785
1521 1520 1776
1521 1776 1775
1584 1583 1786
1776 1520 1603
1776 1603 1778
1654 1657 1787
1411 1410 1508
1411 1508 1507
1512 1485 1484
1512 1484 1513
1673 1577 1576
1673 1576 1674
1649 1648 1677
1649 1677 1676
1788 1784 1419
1788 1419 1409
1491 1785 1789
1491 1789 1482
1584 1786 1790
1584 1790 1574
1787 1657 1647
1787 1647 1791
1409 1408 1788
1792 1793 1413
1792 1413 1412
1479 1482 1789
1486 1794 1795
1486 1795 1483
1571 1574 1790
1578 1796 1797
1578 1797 1575
1647 1646 1791
1798 1799 1651
1798 1651 1650
1792 1405 1404
1792 1404 1793
1407 1406 1425
1407 1425 1424
1794 1477 1476
1794 1476 1795
1498 1481 1480
1498 1480 1499
1796 1569 1568
1796 1568 1797
1590 1573 1572
1590 1572 1591
1643 1642 1799
1643 1799 1798
1645 1644 1663
1645 1663 1662
1800 1801 1802
1800 1802 1803
1800 1803 1804
1805 1806 1807
1805 1807 1808
1809 1810 1805
1809 1805 1808
1811 1812 1810
1811 1810 1809
1813 1814 1815
1813 1815 1816
1813 1816 1817
1818 1819 1820
1818 1820 1821
1801 1822 1823
1801 1823 1802
1824 1825 1826
1824 1826 1827
1828 1829 1830
1828 1830 1831
1832 1833 1834
1832 1834 1835
1834 1836 1837
1834 1837 1835
1838 1839 1840
1838 1840 1841
1842 1843 1844
1842 1844 1845
1846 1847 1848
1831 1830 1849
1831 1849 1850
1851 1823 1822
1813 1811 1814
1813 1812 1811
1852 1853 1854
1852 1854 1855
1856 1857 1858
1856 1858 1859
1860 1861 1862
1860 1862 1863
1864 1865 1853
1864 1853 1852
1866 1867 1868
1866 1868 1869
1870 1871 1872
1870 1872 1873
1874 1875 1876
1874 1876 1877
1878 1879 1880
1878 1880 1881
1846 1848 1882
1846 1882 1883
1884 1803 1802
1884 1802 1885
1884 1886 1803
1807 1887 1888
1807 1888 1808
1808 1888 1889
1808 1889 1809
1889 1890 1811
1889 1811 1809
1891 1892 1893
1891 1893 1814
1891 1894 1892
1895 1820 1819
1895 1819 1896
1885 1802 1823
1885 1823 1897
1898 1899 1900
1898 1900 1901
1902 1903 1904
1902 1904 1905
1906 1907 1908
1906 1908 1909
1906 1909 1910
1906 1910 1911
1912 1913 1914
1912 1914 1915
1916 1917 1918
1916 1918 1919
1920 1921 1922
1923 1902 1905
1923 1905 1924
1851 1897 1823
1891 1814 1811
1891 1811 1890
1925 1926 1927
1925 1927 1928
1929 1930 1931
1929 1931 1932
1933 1934 1935
1933 1935 1936
1937 1925 1928
1937 1928 1938
1939 1940 1941
1939 1941 1942
1943 1944 1945
1943 1945 1946
1947 1948 1949
1947 1949 1950
1951 1952 1953
1951 1953 1954
1920 1955 1921
1920 1956 1955
1957 1958 1959
1957 1959 1960
1961 1962 1963
1961 1963 1964
1825 1840 1839
1825 1839 1826
1915 1914 1901
1915 1901 1900
1965 1966 1967
1965 1967 1968
1965 1969 1966
1970 1971 1972
1970 1972 1973
1972 1974 1975
1972 1975 1973
1974 1976 1977
1974 1977 1975
1978 1979 1980
1978 1980 1981
1978 1982 1979
1983 1984 1985
1983 1985 1986
1968 1967 1987
1968 1987 1988
1989 1990 1991
1989 1991 1992
1993 1994 1995
1993 1995 1996
1997 1998 1999
1997 1999 2000
1997 2000 2001
1997 2001 2002
2003 2004 2005
2003 2005 2006
2007 2008 2009
2007 2009 2010
2011 2012 2013
2014 1993 1996
2014 1996 2015
2016 1988 1987
1978 1981 1977
1978 1977 1976
2017 2018 2019
2017 2019 2020
2021 2022 2023
2021 2023 2024
2025 2026 2027
2025 2027 2028
2029 2017 2020
2029 2020 2030
2031 2032 2033
2031 2033 2034
2035 2036 2037
2035 2037 2038
2039 2040 2041
2039 2041 2042
2043 2044 2045
2043 2045 2046
2011 2047 2012
2011 2048 2047
2049 2050 1967
2049 1967 1966
2049 1966 2051
1973 2052 2053
1973 2053 1970
1975 2054 2052
1975 2052 1973
1977 2055 2054
1977 2054 1975
2056 1981 2057
2056 2057 2058
2056 2058 2059
2060 1984 1983
2060 1983 2061
2050 2062 1987
2050 1987 1967
2063 2064 2065
2063 2065 2066
2067 2068 2069
2067 2069 2070
2071 2072 2073
2071 2073 2074
2073 2075 2076
2073 2076 2074
2077 2078 2079
2077 2079 2080
2081 2082 2083
2081 2083 2084
2085 2086 2087
2070 2069 2088
2070 2088 2089
2016 1987 2062
2056 1977 1981
2056 2055 1977
2090 2091 2092
2090 2092 2093
2094 2095 2096
2094 2096 2097
2098 2099 2100
2098 2100 2101
2102 2103 2091
2102 2091 2090
2104 2105 2106
2104 2106 2107
2108 2109 2110
2108 2110 2111
2112 2113 2114
2112 2114 2115
2116 2117 2118
2116 2118 2119
2085 2087 2120
2085 2120 2121
2122 2123 2124
2122 2124 2125
2126 2127 2128
2126 2128 2129
2006 2005 1992
2006 1992 1991
2078 2065 2064
2078 2064 2079
2130 2131 2132
2133 2130 2132
2133 2132 2134
2135 2136 2137
2135 2137 2138
2139 2140 2141
2142 2140 2139
2142 2139 2130
2143 2144 2136
2143 2136 2135
2141 2144 2143
2138 2137 2145
2146 2147 2138
2146 2138 2145
2139 2141 2143
2130 2139 2143
2130 2143 2135
2142 2130 2133
2138 2131 2135
2147 2131 2138
2130 2135 2131
2148 2132 2131
2149 2134 2132
2149 2132 2148
2150 2151 2152
2150 2152 2153
2154 2155 2156
2154 2156 2157
2154 2157 2148
2158 2150 2153
2158 2153 2159
2155 2158 2159
2152 2151 2160
2146 2160 2151
2146 2151 2147
2154 2158 2155
2158 2154 2148
2158 2148 2150
2157 2149 2148
2151 2150 2131
2147 2151 2131
2148 2131 2150
2161 2162 2163
2164 2165 2162
2164 2162 2161
2166 2167 2168
2166 2168 2169
2170 2171 2172
2170 2172 2173
2170 2173 2161
2174 2166 2169
2174 2169 2175
2171 2174 2175
2168 2167 2176
2177 2176 2167
2177 2167 2178
2170 2174 2171
2174 2170 2161
2174 2161 2166
2173 2164 2161
2167 2166 2163
2178 2167 2163
2161 2163 2166
2179 2163 2162
2180 2179 2162
2180 2162 2165
2181 2182 2183
2181 2183 2184
2185 2186 2187
2188 2186 2185
2188 2185 2179
2189 2190 2182
2189 2182 2181
2187 2190 2189
2184 2183 2191
2177 2178 2184
2177 2184 2191
2185 2187 2189
2179 2185 2189
2179 2189 2181
2188 2179 2180
2184 2163 2181
2178 2163 2184
2179 2181 2163
1821 1820 2192
1845 1844 2193
1845 2193 2194
1820 1895 2195
2196 1916 1919
2196 1919 2197
1983 1986 2198
2199 2007 2010
2199 2010 2200
2061 1983 2201
2083 2082 2202
2083 2202 2203
2204 1819 1818
2205 2206 1843
2205 1843 1842
1819 2207 1896
1917 2208 2209
1917 2209 1918
1984 2210 1985
2008 2211 2212
2008 2212 2009
2213 1984 2060
2214 2215 2081
2214 2081 2084
1804 1803 1819
1804 1819 2204
1837 1836 2206
1837 2206 2205
1803 1886 2207
1803 2207 1819
1911 1910 2209
1911 2209 2208
1984 1966 1969
1984 1969 2210
2211 2002 2001
2211 2001 2212
2051 1966 1984
2051 1984 2213
2214 2076 2075
2214 2075 2215
1820 2216 2217
1820 2217 2192
1868 1867 2218
2219 2216 1820
2219 1820 2195
1939 1942 2220
2221 1960 1959
2221 1959 2222
1961 1964 2223
1961 2223 2224
2225 2226 1983
2225 1983 2198
2032 2031 2227
1983 2226 2228
1983 2228 2201
2106 2105 2229
2122 2125 2230
2122 2230 2231
2232 2129 2128
2232 2128 2233
1807 1806 2217
1807 2217 2216
1866 1869 2234
1887 1807 2216
1887 2216 2219
1941 1940 2235
1971 1970 2226
1971 2226 2225
2034 2033 2236
2226 1970 2053
2226 2053 2228
2104 2107 2237
1861 1860 1958
1861 1958 1957
1962 1935 1934
1962 1934 1963
2123 2027 2026
2123 2026 2124
2099 2098 2127
2099 2127 2126
2238 2234 1869
2238 1869 1859
1941 2235 2239
1941 2239 1932
2034 2236 2240
2034 2240 2024
2237 2107 2097
2237 2097 2241
1859 1858 2238
2242 2243 1863
2242 1863 1862
1929 1932 2239
1936 2244 2245
1936 2245 1933
2021 2024 2240
2028 2246 2247
2028 2247 2025
2097 2096 2241
2248 2249 2101
2248 2101 2100
2242 1855 1854
2242 1854 2243
1857 1856 1875
1857 1875 1874
2244 1927 1926
2244 1926 2245
1948 1931 1930
1948 1930 1949
2246 2019 2018
2246 2018 2247
2040 2023 2022
2040 2022 2041
2093 2092 2249
2093 2249 2248
2095 2094 2113
2095 2113 2112
2250 2251 2252
2250 2252 2253
2250 2253 2254
2255 2256 2257
2255 2257 2258
2259 2260 2255
2259 2255 2258
2261 2262 2260
2261 2260 2259
2263 2264 2265
2263 2265 2266
2263 2266 2267
2268 2269 2270
2268 2270 2271
2251 2272 2273
2251 2273 2252
2274 2275 2276
2274 2276 2277
2278 2279 2280
2278 2280 2281
2282 2283 2284
2282 2284 2285
2284 2286 2287
2284 2287 2285
2288 2289 2290
2288 2290 2291
2292 2293 2294
2292 2294 2295
2296 2297 2298
2281 2280 2299
2281 2299 2300
2301 2273 2272
2263 2261 2264
2263 2262 2261
2302 2303 2304
2302 2304 2305
2306 2307 2308
2306 2308 2309
2310 2311 2312
2310 2312 2313
2314 2315 2303
2314 2303 2302
2316 2317 2318
2316 2318 2319
2320 2321 2322
2320 2322 2323
2324 2325 2326
2324 2326 2327
2328 2329 2330
2328 2330 2331
2296 2298 2332
2296 2332 2333
2334 2253 2252
2334 2252 2335
2334 2336 2253
2257 2337 2338
2257 2338 2258
2258 2338 2339
2258 2339 2259
2339 2340 2261
2339 2261 2259
2341 2342 2343
2341 2343 2264
2341 2344 2342
2345 2270 2269
2345 2269 2346
2335 2252 2273
2335 2273 2347
2348 2349 2350
2348 2350 2351
2352 2353 2354
2352 2354 2355
2356 2357 2358
2356 2358 2359
2356 2359 2360
2356 2360 2361
2362 2363 2364
2362 2364 2365
2366 2367 2368
2366 2368 2369
2370 2371 2372
2373 2352 2355
2373 2355 2374
2301 2347 2273
2341 2264 2261
2341 2261 2340
2375 2376 2377
2375 2377 2378
2379 2380 2381
2379 2381 2382
2383 2384 2385
2383 2385 2386
2387 2375 2378
2387 2378 2388
2389 2390 2391
2389 2391 2392
2393 2394 2395
2393 2395 2396
2397 2398 2399
2397 2399 2400
2401 2402 2403
2401 2403 2404
2370 2405 2371
2370 2406 2405
2407 2408 2409
2407 2409 2410
2411 2412 2413
2411 2413 2414
2275 2290 2289
2275 2289 2276
2365 2364 2351
2365 2351 2350
2415 2416 2417
2415 2417 2418
2415 2419 2416
2420 2421 2422
2420 2422 2423
2422 2424 2425
2422 2425 2423
2424 2426 2427
2424 2427 2425
2428 2429 2430
2428 2430 2431
2428 2432 2429
2433 2434 2435
2433 2435 2436
2418 2417 2437
2418 2437 2438
2439 2440 2441
2439 2441 2442
2443 2444 2445
2443 2445 2446
2447 2448 2449
2447 2449 2450
2447 2450 2451
2447 2451 2452
2453 2454 2455
2453 2455 2456
2457 2458 2459
2457 2459 2460
2461 2462 2463
2464 2443 2446
2464 2446 2465
2466 2438 2437
2428 2431 2427
2428 2427 2426
2467 2468 2469
2467 2469 2470
2471 2472 2473
2471 2473 2474
2475 2476 2477
2475 2477 2478
2479 2467 2470
2479 2470 2480
2481 2482 2483
2481 2483 2484
2485 2486 2487
2485 2487 2488
2489 2490 2491
2489 2491 2492
2493 2494 2495
2493 2495 2496
2461 2497 2462
2461 2498 2497
2499 2500 2417
2499 2417 2416
2499 2416 2501
2423 2502 2503
2423 2503 2420
2425 2504 2502
2425 2502 2423
2427 2505 2504
2427 2504 2425
2506 2431 2507
2506 2507 2508
2506 2508 2509
2510 2434 2433
2510 2433 2511
2500 2512 2437
2500 2437 2417
2513 2514 2515
2513 2515 2516
2517 2518 2519
2517 2519 2520
2521 2522 2523
2521 2523 2524
2523 2525 2526
2523 2526 2524
2527 2528 2529
2527 2529 2530
2531 2532 2533
2531 2533 2534
2535 2536 2537
2520 2519 2538
2520 2538 2539
2466 2437 2512
2506 2427 2431
2506 2505 2427
2540 2541 2542
2540 2542 2543
2544 2545 2546
2544 2546 2547
2548 2549 2550
2548 2550 2551
2552 2553 2541
2552 2541 2540
2554 2555 2556
2554 2556 2557
2558 2559 2560
2558 2560 2561
2562 2563 2564
2562 2564 2565
2566 2567 2568
2566 2568 2569
2535 2537 2570
2535 2570 2571
2572 2573 2574
2572 2574 2575
2576 2577 2578
2576 2578 2579
2456 2455 2442
2456 2442 2441
2528 2515 2514
2528 2514 2529
2580 2581 2582
2583 2580 2582
2583 2582 2584
2585 2586 2587
2585 2587 2588
2589 2590 2591
2592 2590 2589
2592 2589 2580
2593 2594 2586
2593 2586 2585
2591 2594 2593
2588 2587 2595
2596 2597 2588
2596 2588 2595
2589 2591 2593
2580 2589 2593
2580 2593 2585
2592 2580 2583
2588 2581 2585
2597 2581 2588
2580 2585 2581
2598 2582 2581
2599 2584 2582
2599 2582 2598
2600 2601 2602
2600 2602 2603
2604 2605 2606
2604 2606 2607
2604 2607 2598
2608 2600 2603
2608 2603 2609
2605 2608 2609
2602 2601 2610
2596 2610 2601
2596 2601 2597
2604 2608 2605
2608 2604 2598
2608 2598 2600
2607 2599 2598
2601 2600 2581
2597 2601 2581
2598 2581 2600
2611 2612 2613
2614 2615 2612
2614 2612 2611
2616 2617 2618
2616 2618 2619
2620 2621 2622
2620 2622 2623
2620 2623 2611
2624 2616 2619
2624 2619 2625
2621 2624 2625
2618 2617 2626
2627 2626 2617
2627 2617 2628
2620 2624 2621
2624 2620 2611
2624 2611 2616
2623 2614 2611
2617 2616 2613
2628 2617 2613
2611 2613 2616
2629 2613 2612
2630 2629 2612
2630 2612 2615
2631 2632 2633
2631 2633 2634
2635 2636 2637
2638 2636 2635
2638 2635 2629
2639 2640 2632
2639 2632 2631
2637 2640 2639
2634 2633 2641
2627 2628 2634
2627 2634 2641
2635 2637 2639
2629 2635 2639
2629 2639 2631
2638 2629 2630
2634 2613 2631
2628 2613 2634
2629 2631 2613
2271 2270 2642
2295 2294 2643
2295 2643 2644
2270 2345 2645
2646 2366 2369
2646 2369 2647
2433 2436 2648
2649 2457 2460
2649 2460 2650
2511 2433 2651
2533 2532 2652
2533 2652 2653
2654 2269 2268
2655 2656 2293
2655 2293 2292
2269 2657 2346
2367 2658 2659
2367 2659 2368
2434 2660 2435
2458 2661 2662
2458 2662 2459
2663 2434 2510
2664 2665 2531
2664 2531 2534
2254 2253 2269
2254 2269 2654
2287 2286 2656
2287 2656 2655
2253 2336 2657
2253 2657 2269
2361 2360 2659
2361 2659 2658
2434 2416 2419
2434 2419 2660
2661 2452 2451
2661 2451 2662
2501 2416 2434
2501 2434 2663
2664 2526 2525
2664 2525 2665
2270 2666 2667
2270 2667 2642
2318 2317 2668
2669 2666 2270
2669 2270 2645
2389 2392 2670
2671 2410 2409
2671 2409 2672
2411 2414 2673
2411 2673 2674
2675 2676 2433
2675 2433 2648
2482 2481 2677
2433 2676 2678
2433 2678 2651
2556 2555 2679
2572 2575 2680
2572 2680 2681
2682 2579 2578
2682 2578 2683
2257 2256 2667
2257 2667 2666
2316 2319 2684
2337 2257 2666
2337 2666 2669
2391 2390 2685
2421 2420 2676
2421 2676 2675
2484 2483 2686
2676 2420 2503
2676 2503 2678
2554 2557 2687
2311 2310 2408
2311 2408 2407
2412 2385 2384
2412 2384 2413
2573 2477 2476
2573 2476 2574
2549 2548 2577
2549 2577 2576
2688 2684 2319
2688 2319 2309
2391 2685 2689
2391 2689 2382
2484 2686 2690
2484 2690 2474
2687 2557 2547
2687 2547 2691
2309 2308 2688
2692 2693 2313
2692 2313 2312
2379 2382 2689
2386 2694 2695
2386 2695 2383
2471 2474 2690
2478 2696 2697
2478 2697 2475
2547 2546 2691
2698 2699 2551
2698 2551 2550
2692 2305 2304
2692 2304 2693
2307 2306 2325
2307 2325 2324
2694 2377 2376
2694 2376 2695
2398 2381 2380
2398 2380 2399
2696 2469 2468
2696 2468 2697
2490 2473 2472
2490 2472 2491
2543 2542 2699
2543 2699 2698
2545 2544 2563
2545 2563 2562
2700 2701 2702
2700 2702 2703
2700 2703 2704
2705 2706 2707
2705 2707 2708
2709 2710 2705
2709 2705 2708
2711 2712 2710
2711 2710 2709
2713 2714 2715
2713 2715 2716
2713 2716 2717
2718 2719 2720
2718 2720 2721
2701 2722 2723
2701 2723 2702
2724 2725 2726
2724 2726 2727
2728 2729 2730
2728 2730 2731
2732 2733 2734
2732 2734 2735
2734 2736 2737
2734 2737 2735
2738 2739 2740
2738 2740 2741
2742 2743 2744
2742 2744 2745
2746 2747 2748
2731 2730 2749
2731 2749 2750
2751 2723 2722
2713 2711 2714
2713 2712 2711
2752 2753 2754
2752 2754 2755
2756 2757 2758
2756 2758 2759
2760 2761 2762
2760 2762 2763
2764 2765 2753
2764 2753 2752
2766 2767 2768
2766 2768 2769
2770 2771 2772
2770 2772 2773
2774 2775 2776
2774 2776 2777
2778 2779 2780
2778 2780 2781
2746 2748 2782
2746 2782 2783
2784 2703 2702
2784 2702 2785
2784 2786 2703
2707 2787 2788
2707 2788 2708
2708 2788 2789
2708 2789 2709
2789 2790 2711
2789 2711 2709
2791 2792 2793
2791 2793 2714
2791 2794 2792
2795 2720 2719
2795 2719 2796
2785 2702 2723
2785 2723 2797
2798 2799 2800
2798 2800 2801
2802 2803 2804
2802 2804 2805
2806 2807 2808
2806 2808 2809
2806 2809 2810
2806 2810 2811
2812 2813 2814
2812 2814 2815
2816 2817 2818
2816 2818 2819
2820 2821 2822
2823 2802 2805
2823 2805 2824
2751 2797 2723
2791 2714 2711
2791 2711 2790
2825 2826 2827
2825 2827 2828
2829 2830 2831
2829 2831 2832
2833 2834 2835
2833 2835 2836
2837 2825 2828
2837 2828 2838
2839 2840 2841
2839 2841 2842
2843 2844 2845
2843 2845 2846
2847 2848 2849
2847 2849 2850
2851 2852 2853
2851 2853 2854
2820 2855 2821
2820 2856 2855
2857 2858 2859
2857 2859 2860
2861 2862 2863
2861 2863 2864
2725 2740 2739
2725 2739 2726
2815 2814 2801
2815 2801 2800
2865 2866 2867
2865 2867 2868
2865 2869 2866
2870 2871 2872
2870 2872 2873
2872 2874 2875
2872 2875 2873
2874 2876 2877
2874 2877 2875
2878 2879 2880
2878 2880 2881
2878 2882 2879
2883 2884 2885
2883 2885 2886
2868 2867 2887
2868 2887 2888
2889 2890 2891
2889 2891 2892
2893 2894 2895
2893 2895 2896
2897 2898 2899
2897 2899 2900
2897 2900 2901
2897 2901 2902
2903 2904 2905
2903 2905 2906
2907 2908 2909
2907 2909 2910
2911 2912 2913
2914 2893 2896
2914 2896 2915
2916 2888 2887
2878 2881 2877
2878 2877 2876
2917 2918 2919
2917 2919 2920
2921 2922 2923
2921 2923 2924
2925 2926 2927
2925 2927 2928
2929 2917 2920
2929 2920 2930
2931 2932 2933
2931 2933 2934
2935 2936 2937
2935 2937 2938
2939 2940 2941
2939 2941 2942
2943 2944 2945
2943 2945 2946
2911 2947 2912
2911 2948 2947
2949 2950 2867
2949 2867 2866
2949 2866 2951
2873 2952 2953
2873 2953 2870
2875 2954 2952
2875 2952 2873
2877 2955 2954
2877 2954 2875
2956 2881 2957
2956 2957 2958
2956 2958 2959
2960 2884 2883
2960 2883 2961
2950 2962 2887
2950 2887 2867
2963 2964 2965
2963 2965 2966
2967 2968 2969
2967 2969 2970
2971 2972 2973
2971 2973 2974
2973 2975 2976
2973 2976 2974
2977 2978 2979
2977 2979 2980
2981 2982 2983
2981 2983 2984
2985 2986 2987
2970 2969 2988
2970 2988 2989
2916 2887 2962
2956 2877 2881
2956 2955 2877
2990 2991 2992
2990 2992 2993
2994 2995 2996
2994 2996 2997
2998 2999 3000
2998 3000 3001
3002 3003 2991
3002 2991 2990
3004 3005 3006
3004 3006 3007
3008 3009 3010
3008 3010 3011
3012 3013 3014
3012 3014 3015
3016 3017 3018
3016 3018 3019
2985 2987 3020
2985 3020 3021
3022 3023 3024
3022 3024 3025
3026 3027 3028
3026 3028 3029
2906 2905 2892
2906 2892 2891
2978 2965 2964
2978 2964 2979
3030 3031 3032
3033 3030 3032
3033 3032 3034
3035 3036 3037
3035 3037 3038
3039 3040 3041
3042 3040 3039
3042 3039 3030
3043 3044 3036
3043 3036 3035
3041 3044 3043
3038 3037 3045
3046 3047 3038
3046 3038 3045
3039 3041 3043
3030 3039 3043
3030 3043 3035
3042 3030 3033
3038 3031 3035
3047 3031 3038
3030 3035 3031
3048 3032 3031
3049 3034 3032
3049 3032 3048
3050 3051 3052
3050 3052 3053
3054 3055 3056
3054 3056 3057
3054 3057 3048
3058 3050 3053
3058 3053 3059
3055 3058 3059
3052 3051 3060
3046 3060 3051
3046 3051 3047
3054 3058 3055
3058 3054 3048
3058 3048 3050
3057 3049 3048
3051 3050 3031
3047 3051 3031
3048 3031 3050
3061 3062 3063
3064 3065 3062
3064 3062 3061
3066 3067 3068
3066 3068 3069
3070 3071 3072
3070 3072 3073
3070 3073 3061
3074 3066 3069
3074 3069 3075
3071 3074 3075
3068 3067 3076
3077 3076 3067
3077 3067 3078
3070 3074 3071
3074 3070 3061
3074 3061 3066
3073 3064 3061
3067 3066 3063
3078 3067 3063
3061 3063 3066
3079 3063 3062
3080 3079 3062
3080 3062 3065
3081 3082 3083
3081 3083 3084
3085 3086 3087
3088 3086 3085
3088 3085 3079
3089 3090 3082
3089 3082 3081
3087 3090 3089
3084 3083 3091
3077 3078 3084
3077 3084 3091
3085 3087 3089
3079 3085 3089
3079 3089 3081
3088 3079 3080
3084 3063 3081
3078 3063 3084
3079 3081 3063
2721 2720 3092
2745 2744 3093
2745 3093 3094
2720 2795 3095
3096 2816 2819
3096 2819 3097
2883 2886 3098
3099 2907 2910
3099 2910 3100
2961 2883 3101
2983 2982 3102
2983 3102 3103
3104 2719 2718
3105 3106 2743
3105 2743 2742
2719 3107 2796
2817 3108 3109
2817 3109 2818
2884 3110 2885
2908 3111 3112
2908 3112 2909
3113 2884 2960
3114 3115 2981
3114 2981 2984
2704 2703 2719
2704 2719 3104
2737 2736 3106
2737 3106 3105
2703 2786 3107
2703 3107 2719
2811 2810 3109
2811 3109 3108
2884 2866 2869
2884 2869 3110
3111 2902 2901
3111 2901 3112
2951 2866 2884
2951 2884 3113
3114 2976 2975
3114 2975 3115
2720 3116 3117
2720 3117 3092
2768 2767 3118
3119 3116 2720
3119 2720 3095
2839 2842 3120
3121 2860 2859
3121 2859 3122
2861 2864 3123
2861 3123 3124
3125 3126 2883
3125 2883 3098
2932 2931 3127
2883 3126 3128
2883 3128 3101
3006 3005 3129
3022 3025 3130
3022 3130 3131
3132 3029 3028
3132 3028 3133
2707 2706 3117
2707 3117 3116
2766 2769 3134
2787 2707 3116
2787 3116 3119
2841 2840 3135
2871 2870 3126
2871 3126 3125
2934 2933 3136
3126 2870 2953
3126 2953 3128
3004 3007 3137
2761 2760 2858
2761 2858 2857
2862 2835 2834
2862 2834 2863
3023 2927 2926
3023 2926 3024
2999 2998 3027
2999 3027 3026
3138 3134 2769
3138 2769 2759
2841 3135 3139
2841 3139 2832
2934 3136 3140
2934 3140 2924
3137 3007 2997
3137 2997 3141
2759 2758 3138
3142 3143 2763
3142 2763 2762
2829 2832 3139
2836 3144 3145
2836 3145 2833
2921 2924 3140
2928 3146 3147
2928 3147 2925
2997 2996 3141
3148 3149 3001
3148 3001 3000
3142 2755 2754
3142 2754 3143
2757 2756 2775
2757 2775 2774
3144 2827 2826
3144 2826 3145
2848 2831 2830
2848 2830 2849
3146 2919 2918
3146 2918 3147
2940 2923 2922
2940 2922 2941
2993 2992 3149
2993 3149 3148
2995 2994 3013
2995 3013 3012
3150 3151 3152
3150 3152 3153
3150 3153 3154
3155 3156 3157
3155 3157 3158
3159 3160 3155
3159 3155 3158
3161 3162 3160
3161 3160 3159
3163 3164 3165
3163 3165 3166
3163 3166 3167
3168 3169 3170
3168 3170 3171
3151 3172 3173
3151 3173 3152
3174 3175 3176
3174 3176 3177
3178 3179 3180
3178 3180 3181
3182 3183 3184
3182 3184 3185
3184 3186 3187
3184 3187 3185
3188 3189 3190
3188 3190 3191
3192 3193 3194
3192 3194 3195
3196 3197 3198
3181 3180 3199
3181 3199 3200
3201 3173 3172
3163 3161 3164
3163 3162 3161
3202 3203 3204
3202 3204 3205
3206 3207 3208
3206 3208 3209
3210 3211 3212
3210 3212 3213
3214 3215 3203
3214 3203 3202
3216 3217 3218
3216 3218 3219
3220 3221 3222
3220 3222 3223
3224 3225 3226
3224 3226 3227
3228 3229 3230
3228 3230 3231
3196 3198 3232
3196 3232 3233
3234 3153 3152
3234 3152 3235
3234 3236 3153
3157 3237 3238
3157 3238 3158
3158 3238 3239
3158 3239 3159
3239 3240 3161
3239 3161 3159
3241 3242 3243
3241 3243 3164
3241 3244 3242
3245 3170 3169
3245 3169 3246
3235 3152 3173
3235 3173 3247
3248 3249 3250
3248 3250 3251
3252 3253 3254
3252 3254 3255
3256 3257 3258
3256 3258 3259
3256 3259 3260
3256 3260 3261
3262 3263 3264
3262 3264 3265
3266 3267 3268
3266 3268 3269
3270 3271 3272
3273 3252 3255
3273 3255 3274
3201 3247 3173
3241 3164 3161
3241 3161 3240
3275 3276 3277
3275 3277 3278
3279 3280 3281
3279 3281 3282
3283 3284 3285
3283 3285 3286
3287 3275 3278
3287 3278 3288
3289 3290 3291
3289 3291 3292
3293 3294 3295
3293 3295 3296
3297 3298 3299
3297 3299 3300
3301 3302 3303
3301 3303 3304
3270 3305 3271
3270 3306 3305
3307 3308 3309
3307 3309 3310
3311 3312 3313
3311 3313 3314
3175 3190 3189
3175 3189 3176
3265 3264 3251
3265 3251 3250
3315 3316 3317
3315 3317 3318
3315 3319 3316
3320 3321 3322
3320 3322 3323
3322 3324 3325
3322 3325 3323
3324 3326 3327
3324 3327 3325
3328 3329 3330
3328 3330 3331
3328 3332 3329
3333 3334 3335
3333 3335 3336
3318 3317 3337
3318 3337 3338
3339 3340 3341
3339 3341 3342
3343 3344 3345
3343 3345 3346
3347 3348 3349
3347 3349 3350
3347 3350 3351
3347 3351 3352
3353 3354 3355
3353 3355 3356
3357 3358 3359
3357 3359 3360
3361 3362 3363
3364 3343 3346
3364 3346 3365
3366 3338 3337
3328 3331 3327
3328 3327 3326
3367 3368 3369
3367 3369 3370
3371 3372 3373
3371 3373 3374
3375 3376 3377
3375 3377 3378
3379 3367 3370
3379 3370 3380
3381 3382 3383
3381 3383 3384
3385 3386 3387
3385 3387 3388
3389 3390 3391
3389 3391 3392
3393 3394 3395
3393 3395 3396
3361 3397 3362
3361 3398 3397
3399 3400 3317
3399 3317 3316
3399 3316 3401
3323 3402 3403
3323 3403 3320
3325 3404 3402
3325 3402 3323
3327 3405 3404
3327 3404 3325
3406 3331 3407
3406 3407 3408
3406 3408 3409
3410 3334 3333
3410 3333 3411
3400 3412 3337
3400 3337 3317
3413 3414 3415
3413 3415 3416
3417 3418 3419
3417 3419 3420
3421 3422 3423
3421 3423 3424
3423 3425 3426
3423 3426 3424
3427 3428 3429
3427 3429 3430
3431 3432 3433
3431 3433 3434
3435 3436 3437
3420 3419 3438
3420 3438 3439
3366 3337 3412
3406 3327 3331
3406 3405 3327
3440 3441 3442
3440 3442 3443
3444 3445 3446
3444 3446 3447
3448 3449 3450
3448 3450 3451
3452 3453 3441
3452 3441 3440
3454 3455 3456
3454 3456 3457
3458 3459 3460
3458 3460 3461
3462 3463 3464
3462 3464 3465
3466 3467 3468
3466 3468 3469
3435 3437 3470
3435 3470 3471
3472 3473 3474
3472 3474 3475
3476 3477 3478
3476 3478 3479
3356 3355 3342
3356 3342 3341
3428 3415 3414
3428 3414 3429
3480 3481 3482
3483 3480 3482
3483 3482 3484
3485 3486 3487
3485 3487 3488
3489 3490 3491
3492 3490 3489
3492 3489 3480
3493 3494 3486
3493 3486 3485
3491 3494 3493
3488 3487 3495
3496 3497 3488
3496 3488 3495
3489 3491 3493
3480 3489 3493
3480 3493 3485
3492 3480 3483
3488 3481 3485
3497 3481 3488
3480 3485 3481
3498 3482 3481
3499 3484 3482
3499 3482 3498
3500 3501 3502
3500 3502 3503
3504 3505 3506
3504 3506 3507
3504 3507 3498
3508 3500 3503
3508 3503 3509
3505 3508 3509
3502 3501 3510
3496 3510 3501
3496 3501 3497
3504 3508 3505
3508 3504 3498
3508 3498 3500
3507 3499 3498
3501 3500 3481
3497 3501 3481
3498 3481 3500
3511 3512 3513
3514 3515 3512
3514 3512 3511
3516 3517 3518
3516 3518 3519
3520 3521 3522
3520 3522 3523
3520 3523 3511
3524 3516 3519
3524 3519 3525
3521 3524 3525
3518 3517 3526
3527 3526 3517
3527 3517 3528
3520 3524 3521
3524 3520 3511
3524 3511 3516
3523 3514 3511
3517 3516 3513
3528 3517 3513
3511 3513 3516
3529 3513 3512
3530 3529 3512
3530 3512 3515
3531 3532 3533
3531 3533 3534
3535 3536 3537
3538 3536 3535
3538 3535 3529
3539 3540 3532
3539 3532 3531
3537 3540 3539
3534 3533 3541
3527 3528 3534
3527 3534 3541
3535 3537 3539
3529 3535 3539
3529 3539 3531
3538 3529 3530
3534 3513 3531
3528 3513 3534
3529 3531 3513
3171 3170 3542
3195 3194 3543
3195 3543 3544
3170 3245 3545
3546 3266 3269
3546 3269 3547
3333 3336 3548
3549 3357 3360
3549 3360 3550
3411 3333 3551
3433 3432 3552
3433 3552 3553
3554 3169 3168
3555 3556 3193
3555 3193 3192
3169 3557 3246
3267 3558 3559
3267 3559 3268
3334 3560 3335
3358 3561 3562
3358 3562 3359
3563 3334 3410
3564 3565 3431
3564 3431 3434
3154 3153 3169
3154 3169 3554
3187 3186 3556
3187 3556 3555
3153 3236 3557
3153 3557 3169
3261 3260 3559
3261 3559 3558
3334 3316 3319
3334 3319 3560
3561 3352 3351
3561 3351 3562
3401 3316 3334
3401 3334 3563
3564 3426 3425
3564 3425 3565
3170 3566 3567
3170 3567 3542
3218 3217 3568
3569 3566 3170
3569 3170 3545
3289 3292 3570
3571 3310 3309
3571 3309 3572
3311 3314 3573
3311 3573 3574
3575 3576 3333
3575 3333 3548
3382 3381 3577
3333 3576 3578
3333 3578 3551
3456 3455 3579
3472 3475 3580
3472 3580 3581
3582 3479 3478
3582 3478 3583
3157 3156 3567
3157 3567 3566
3216 3219 3584
3237 3157 3566
3237 3566 3569
3291 3290 3585
3321 3320 3576
3321 3576 3575
3384 3383 3586
3576 3320 3403
3576 3403 3578
3454 3457 3587
3211 3210 3308
3211 3308 3307
3312 3285 3284
3312 3284 3313
3473 3377 3376
3473 3376 3474
3449 3448 3477
3449 3477 3476
3588 3584 3219
3588 3219 3209
3291 3585 3589
3291 3589 3282
3384 3586 3590
3384 3590 3374
3587 3457 3447
3587 3447 3591
3209 3208 3588
3592 3593 3213
3592 3213 3212
3279 3282 3589
3286 3594 3595
3286 3595 3283
3371 3374 3590
3378 3596 3597
3378 3597 3375
3447 3446 3591
3598 3599 3451
3598 3451 3450
3592 3205 3204
3592 3204 3593
3207 3206 3225
3207 3225 3224
3594 3277 3276
3594 3276 3595
3298 3281 3280
3298 3280 3299
3596 3369 3368
3596 3368 3597
3390 3373 3372
3390 3372 3391
3443 3442 3599
3443 3599 3598
3445 3444 3463
3445 3463 3462
3600 3601 3602
3603 3604 3605
3603 3605 3606
3602 3601 3607
3608 3609 3610
3611 3612 3609
3603 3613 3604
3614 3607 3609
3614 3609 3608
3609 3607 3615
3609 3615 3606
3616 3610 3609
3616 3609 3612
3617 3615 3601
3603 3606 3615
3603 3615 3617
3618 3619 3620
3618 3620 3621
3622 3623 3624
3622 3624 3625
3626 3627 3628
3626 3628 3629
3619 3625 3624
3619 3624 3620
3629 3630 3631
3629 3631 3626
3630 3632 3633
3630 3633 3631
3634 3635 3636
3634 3636 3637
3622 3638 3639
3622 3639 3623
3600 3640 3601
3641 3618 3621
3641 3621 3642
3643 3644 3645
3646 3647 3645
3648 3649 3645
3644 3646 3645
3650 3651 3645
3647 3650 3645
3652 3648 3645
3653 3643 3645
3640 3617 3601
3602 3607 3614
3607 3601 3615
3600 3654 3655
3603 3656 3657
3603 3657 3658
3654 3659 3655
3660 3661 3662
3663 3664 3662
3613 3603 3658
3665 3660 3662
3665 3662 3659
3666 3659 3662
3666 3662 3656
3667 3663 3662
3667 3662 3661
3617 3655 3666
3603 3617 3666
3603 3666 3656
3668 3669 3670
3668 3670 3671
3672 3673 3674
3672 3674 3675
3628 3627 3676
3628 3676 3677
3674 3673 3669
3674 3669 3668
3678 3679 3677
3678 3677 3676
3680 3681 3679
3680 3679 3678
3682 3683 3684
3682 3684 3685
3672 3675 3686
3672 3686 3687
3600 3655 3640
3688 3689 3671
3688 3671 3670
3690 3645 3691
3692 3645 3693
3694 3645 3649
3691 3645 3692
3695 3645 3696
3693 3645 3695
3697 3645 3694
3653 3645 3690
3640 3655 3617
3654 3665 3659
3659 3666 3655
3637 3633 3632
3637 3632 3634
3681 3680 3683
3681 3683 3682
3605 3611 3609
3605 3609 3606
3645 3651 3698
3645 3698 3652
3696 3645 3699
3662 3664 3657
3662 3657 3656
3699 3645 3697
3700 3701 3702
3703 3704 3705
3703 3705 3706
3701 3707 3702
3708 3709 3710
3711 3710 3712
3703 3706 3713
3714 3708 3710
3714 3710 3707
3715 3707 3710
3715 3710 3704
3716 3712 3710
3716 3710 3709
3717 3702 3715
3703 3717 3715
3703 3715 3704
3718 3719 3720
3718 3720 3721
3722 3723 3724
3722 3724 3725
3726 3727 3728
3726 3728 3729
3724 3723 3719
3724 3719 3718
3730 3731 3729
3730 3729 3728
3732 3733 3731
3732 3731 3730
3734 3735 3736
3734 3736 3737
3722 3725 3738
3722 3738 3739
3700 3702 3740
3741 3742 3721
3741 3721 3720
3743 3744 3745
3746 3744 3747
3748 3744 3749
3745 3744 3746
3750 3744 3751
3747 3744 3750
3752 3744 3748
3753 3744 3743
3740 3702 3717
3701 3714 3707
3707 3715 3702
3700 3754 3755
3703 3756 3757
3703 3757 3758
3755 3754 3759
3760 3761 3762
3763 3761 3764
3713 3756 3703
3765 3759 3761
3765 3761 3760
3761 3759 3766
3761 3766 3758
3767 3762 3761
3767 3761 3763
3717 3766 3754
3703 3758 3766
3703 3766 3717
3768 3769 3770
3768 3770 3771
3772 3773 3774
3772 3774 3775
3776 3727 3726
3776 3726 3777
3769 3775 3774
3769 3774 3770
3777 3778 3779
3777 3779 3776
3780 3779 3778
3780 3778 3781
3782 3783 3784
3782 3784 3785
3772 3786 3787
3772 3787 3773
3700 3740 3754
3788 3768 3771
3788 3771 3789
3790 3791 3744
3792 3793 3744
3794 3749 3744
3791 3792 3744
3795 3796 3744
3793 3795 3744
3797 3794 3744
3753 3790 3744
3740 3717 3754
3755 3759 3765
3759 3754 3766
3733 3732 3735
3733 3735 3734
3781 3784 3783
3781 3783 3780
3710 3711 3705
3710 3705 3704
3744 3798 3751
3744 3752 3798
3796 3799 3744
3761 3758 3757
3761 3757 3764
3799 3797 3744
3800 3801 3802
3803 3804 3805
3803 3805 3806
3801 3807 3808
3809 3810 3811
3812 3813 3811
3814 3803 3815
3814 3816 3803
3817 3812 3810
3802 3818 3800
3819 3820 3821
3819 3821 3822
3823 3824 3825
3823 3825 3826
3822 3821 3827
3822 3827 3828
3829 3830 3831
3829 3831 3832
3833 3834 3824
3833 3824 3823
3826 3825 3835
3826 3835 3836
3828 3827 3830
3828 3830 3829
3832 3831 3837
3832 3837 3838
3839 3840 3841
3839 3841 3842
3801 3808 3843
3801 3843 3802
3800 3844 3845
3846 3847 3848
3846 3848 3849
3845 3850 3851
3852 3853 3854
3855 3856 3853
3814 3815 3847
3814 3847 3846
3814 3846 3816
3857 3854 3856
3844 3800 3818
3858 3859 3860
3858 3860 3861
3862 3863 3864
3862 3864 3865
3859 3866 3867
3859 3867 3860
3868 3869 3870
3868 3870 3871
3865 3872 3873
3865 3873 3862
3863 3836 3835
3863 3835 3864
3866 3868 3871
3866 3871 3867
3869 3874 3875
3869 3875 3870
3876 3877 3878
3876 3878 3879
3845 3844 3880
3845 3880 3850
3839 3834 3833
3839 3833 3840
3879 3873 3872
3879 3872 3876
3855 3853 3849
3855 3849 3848
3811 3813 3805
3811 3805 3804
3881 3882 3883
3884 3885 3886
3884 3886 3887
3883 3888 3889
3890 3891 3892
3893 3891 3894
3895 3896 3884
3895 3884 3897
3898 3892 3893
3882 3881 3899
3900 3901 3902
3900 3902 3903
3904 3905 3906
3904 3906 3907
3901 3908 3909
3901 3909 3902
3910 3911 3912
3910 3912 3913
3914 3904 3907
3914 3907 3915
3905 3916 3917
3905 3917 3906
3908 3910 3913
3908 3913 3909
3911 3918 3919
3911 3919 3912
3920 3921 3922
3920 3922 3923
3883 3882 3924
3883 3924 3888
3881 3925 3926
3927 3928 3929
3927 3929 3930
3925 3931 3932
3933 3934 3935
3936 3935 3937
3895 3927 3930
3895 3930 3896
3895 3897 3927
3938 3937 3934
3926 3899 3881
3939 3940 3941
3939 3941 3942
3943 3944 3945
3943 3945 3946
3942 3941 3947
3942 3947 3948
3949 3950 3951
3949 3951 3952
3953 3954 3944
3953 3944 3943
3946 3945 3917
3946 3917 3916
3948 3947 3950
3948 3950 3949
3952 3951 3955
3952 3955 3956
3957 3958 3959
3957 3959 3960
3925 3932 3961
3925 3961 3926
3914 3915 3922
3914 3922 3921
3954 3953 3958
3954 3958 3957
3936 3929 3928
3936 3928 3935
3891 3887 3886
3891 3886 3894
3962 3963 3964
3962 3964 3965
3966 3967 3968
3966 3968 3969
3970 3971 3969
3970 3969 3968
3972 3973 3974
3975 3973 3976
3976 3973 3977
3977 3973 3972
3970 3963 3962
3970 3962 3971
3978 3979 3980
3978 3980 3981
3982 3967 3966
3982 3966 3983
3983 3984 3985
3983 3985 3982
3986 3974 3973
3975 3987 3973
3987 3988 3973
3988 3986 3973
3980 3979 3985
3980 3985 3984
3989 3990 3991
3989 3991 3992
3993 3994 3995
3993 3995 3996
3997 3995 3994
3997 3994 3998
3999 4000 4001
4002 4003 4001
4003 4004 4001
4004 3999 4001
3997 3998 3989
3997 3989 3992
4005 4006 4007
4005 4007 4008
4009 4010 3993
4009 3993 3996
4010 4009 4011
4010 4011 4012
4013 4001 4000
4002 4001 4014
4014 4001 4015
4015 4001 4013
4007 4012 4011
4007 4011 4008
3810 3812 3811
3856 3854 3853
3893 3892 3891
3934 3937 3935
3802 3843 3816
3802 3816 3818
3843 3808 3811
3843 3811 3804
3818 3816 3880
3818 3880 3844
3853 3850 3880
3853 3880 3849
3899 3897 3924
3899 3924 3882
3891 3888 3924
3891 3924 3887
3926 3961 3897
3926 3897 3899
3961 3932 3935
3961 3935 3928
3851 3850 3852
3932 3931 3933
3808 3807 3809
3889 3888 3890
3803 3843 3804
3803 3816 3843
3880 3846 3849
3816 3846 3880
3924 3884 3887
3897 3884 3924
3927 3961 3928
3927 3897 3961
3852 3850 3853
3932 3933 3935
3808 3809 3811
3890 3888 3891
3815 3803 3806
3884 3896 3885
