byte offset: 0
first index: 22581
index count: 3063
topology: trianglelist
format: DXGI_FORMAT_R16_UINT

8526 8527 8528
8529 8530 8531
8532 8533 8534
8535 8536 8537
8538 8539 8540
8541 8542 8543
8544 8545 8546
8547 8548 8549
8550 8551 8552
8553 8554 8555
8556 8557 8558
8559 8560 8561
8562 8563 8564
8565 8566 8567
8568 8569 8570
8568 8571 8569
8572 8571 8568
8572 8573 8571
8572 8574 8573
8572 8575 8574
8574 8575 8576
8574 8576 8577
8577 8576 8578
8579 8578 8576
8580 8578 8579
8577 8578 8581
8580 8581 8578
8579 8576 8582
8582 8576 8583
8582 8583 8584
8585 8584 8583
8585 8586 8584
8586 8585 8587
8586 8587 8588
8588 8587 8589
8588 8589 8590
8577 8581 8591
8580 8592 8581
8591 8581 8592
8580 8593 8592
8591 8592 8594
8594 8592 8593
8577 8591 8595
8577 8595 8596
8577 8596 8597
8597 8596 8598
8597 8598 8599
8599 8598 8600
8599 8600 8601
8601 8600 8602
8601 8602 8603
8591 8604 8595
8605 8595 8604
8605 8604 8606
8607 8605 8606
8607 8606 8608
8607 8608 8609
8607 8609 8610
8591 8611 8604
8594 8611 8591
8612 8604 8611
8613 8604 8612
8613 8614 8604
8613 8615 8614
8613 8616 8615
8615 8616 8617
8615 8617 8618
8612 8611 8619
8619 8611 8620
8594 8620 8611
8619 8620 8621
8620 8594 8622
8594 8593 8622
8621 8620 8623
8620 8622 8623
8621 8623 8624
8624 8623 8625
8623 8622 8626
8593 8626 8622
8623 8626 8625
8593 8627 8626
8628 8625 8626
8627 8628 8626
8593 8629 8627
8627 8630 8628
8630 8627 8629
8593 8631 8629
8580 8631 8593
8631 8632 8629
8580 8633 8631
8631 8633 8632
8634 8632 8633
8632 8635 8629
8630 8629 8635
8634 8635 8632
8580 8636 8633
8580 8579 8636
8634 8633 8637
8637 8633 8636
8636 8579 8638
8638 8579 8582
8637 8636 8639
8636 8638 8639
8637 8639 8640
8634 8637 8641
8637 8640 8641
8642 8640 8639
8642 8639 8638
8641 8640 8643
8643 8640 8642
8638 8582 8644
8638 8644 8645
8638 8645 8642
8646 8644 8582
8645 8644 8646
8646 8582 8647
8648 8646 8647
8648 8647 8649
8649 8650 8648
8649 8651 8650
8650 8651 8652
8650 8652 8653
8641 8643 8654
8655 8641 8654
8634 8641 8655
8634 8655 8656
8655 8654 8657
8656 8655 8657
8634 8656 8658
8634 8658 8635
8635 8658 8659
8656 8659 8658
8635 8659 8660
8630 8635 8660
8630 8660 8661
8628 8630 8661
8662 8657 8654
8663 8654 8643
8663 8662 8654
8657 8664 8656
8662 8664 8657
8656 8664 8665
8656 8666 8659
8656 8665 8666
8667 8660 8659
8666 8667 8659
8667 8668 8660
8668 8661 8660
8666 8669 8667
8665 8669 8666
8665 8670 8669
8668 8671 8661
8665 8672 8670
8671 8673 8661
8671 8674 8673
8628 8661 8673
8664 8675 8665
8662 8675 8664
8662 8676 8675
8677 8676 8662
8677 8662 8663
8678 8677 8663
8675 8679 8665
8665 8679 8672
8675 8680 8679
8681 8679 8680
8678 8663 8682
8682 8683 8678
8682 8663 8643
8672 8679 8684
8681 8684 8679
8672 8684 8685
8684 8686 8685
8681 8687 8684
8684 8688 8686
8687 8688 8684
8687 8689 8688
8688 8689 8690
8690 8689 8691
8682 8692 8683
8693 8683 8692
8693 8692 8694
8695 8692 8682
8682 8643 8695
8643 8642 8695
8696 8695 8642
8695 8696 8692
8696 8642 8645
8697 8692 8696
8697 8698 8692
8699 8698 8697
8699 8697 8700
8645 8701 8696
8645 8702 8701
8645 8646 8702
8702 8703 8701
8646 8704 8702
8702 8705 8703
8705 8706 8703
8705 8707 8706
8646 8708 8704
8708 8709 8704
8708 8710 8709
8711 8709 8710
8711 8710 8712
8713 8714 8715
8713 8716 8714
8716 8717 8714
8716 8713 8718
8716 8718 8719
8716 8720 8717
8719 8720 8716
8719 8721 8720
8719 8722 8721
8719 8718 8723
8724 8722 8719
8719 8723 8725
8724 8719 8725
8726 8725 8723
8727 8724 8725
8726 8728 8725
8727 8725 8728
8728 8674 8727
8728 8673 8674
8729 8728 8726
8729 8673 8728
8673 8729 8628
8628 8729 8625
8730 8625 8729
8730 8731 8625
8732 8731 8730
8732 8733 8731
8734 8733 8732
8734 8735 8733
8736 8735 8734
8736 8737 8735
8737 8736 8738
8737 8738 8739
8740 8741 8742
8741 8743 8742
8741 8744 8743
8744 8745 8743
8744 8746 8745
8746 8747 8745
8746 8748 8747
8749 8747 8748
8749 8748 8750
8751 8752 8753
8751 8754 8752
8755 8752 8754
8755 8754 8756
8757 8755 8756
8757 8758 8755
8758 8757 8759
8758 8759 8760
8759 8761 8760
8762 8763 8764
8764 8763 8765
8764 8765 8766
8767 8766 8765
8767 8765 8768
8768 8769 8767
8768 8770 8769
8769 8770 8771
8769 8771 8772
8769 8772 8773
8773 8772 8774
8774 8772 8775
8776 8777 8778
8776 8778 8779
8780 8776 8779
8780 8779 8781
8782 8780 8781
8782 8783 8780
8782 8784 8783
8782 8785 8784
8785 8786 8784
8787 8784 8786
8787 8786 8788
8785 8789 8786
8788 8786 8789
8787 8790 8784
8790 8791 8784
8790 8792 8791
8793 8791 8792
8793 8792 8794
8794 8795 8793
8794 8796 8795
8796 8797 8795
8796 8798 8797
8799 8789 8785
8788 8789 8800
8800 8789 8799
8788 8800 8801
8800 8799 8802
8802 8801 8800
8799 8785 8803
8785 8804 8803
8785 8805 8804
8805 8806 8804
8805 8807 8806
8807 8808 8806
8807 8809 8808
8809 8810 8808
8809 8811 8810
8799 8803 8812
8812 8803 8813
8812 8813 8814
8814 8813 8815
8814 8815 8816
8815 8817 8816
8815 8818 8817
8799 8812 8819
8802 8799 8819
8820 8819 8812
8821 8820 8812
8821 8812 8822
8823 8821 8822
8823 8824 8821
8823 8825 8824
8823 8826 8825
8820 8827 8819
8827 8828 8819
8802 8819 8828
8827 8829 8828
8828 8830 8802
8802 8830 8801
8829 8831 8828
8828 8831 8830
8829 8832 8831
8832 8833 8831
8831 8834 8830
8801 8830 8834
8831 8833 8834
8801 8834 8835
8836 8834 8833
8835 8834 8836
8801 8835 8837
8835 8836 8838
8838 8837 8835
8801 8837 8839
8788 8801 8839
8839 8837 8840
8788 8839 8841
8839 8840 8841
8842 8841 8840
8840 8837 8843
8838 8843 8837
8842 8840 8843
8788 8841 8844
8787 8788 8844
8842 8845 8841
8845 8844 8841
8844 8846 8787
8846 8790 8787
8845 8847 8844
8844 8847 8846
8845 8848 8847
8842 8849 8845
8845 8849 8848
8847 8848 8850
8847 8850 8846
8849 8851 8848
8850 8848 8851
8846 8852 8790
8846 8853 8852
8846 8850 8853
8854 8790 8852
8853 8854 8852
8854 8855 8790
8856 8855 8854
8856 8857 8855
8858 8857 8856
8858 8859 8857
8860 8859 8858
8860 8858 8861
8849 8862 8851
8863 8862 8849
8842 8863 8849
8842 8864 8863
8863 8865 8862
8864 8865 8863
8842 8866 8864
8842 8843 8866
8867 8866 8843
8864 8866 8867
8867 8843 8868
8868 8843 8838
8868 8838 8869
8869 8838 8836
8865 8870 8862
8862 8871 8851
8862 8870 8871
8865 8864 8872
8865 8872 8870
8864 8873 8872
8864 8867 8874
8864 8874 8873
8868 8875 8867
8874 8867 8875
8868 8876 8875
8869 8876 8868
8874 8875 8877
8873 8874 8877
8873 8877 8878
8869 8879 8876
8880 8873 8878
8881 8879 8869
8869 8836 8881
8881 8882 8879
8872 8873 8883
8870 8872 8883
8870 8883 8884
8870 8884 8885
8870 8885 8871
8871 8885 8886
8883 8873 8887
8880 8887 8873
8883 8887 8888
8889 8888 8887
8871 8886 8890
8851 8871 8890
8891 8890 8886
8880 8892 8887
8892 8889 8887
8880 8893 8892
8894 8892 8893
8892 8895 8889
8894 8896 8892
8896 8895 8892
8896 8897 8895
8896 8898 8897
8898 8899 8897
8851 8890 8900
8850 8851 8900
8901 8900 8890
8891 8901 8890
8901 8891 8902
8901 8902 8903
8850 8900 8904
8901 8904 8900
8850 8904 8853
8901 8905 8904
8901 8906 8905
8907 8905 8906
8907 8908 8905
8909 8853 8904
8909 8910 8853
8911 8910 8909
8853 8910 8854
8911 8912 8910
8913 8912 8911
8913 8914 8912
8915 8854 8910
8915 8916 8854
8917 8916 8915
8917 8918 8916
8918 8917 8919
8918 8919 8920
8921 8922 8923
8921 8923 8924
8924 8923 8925
8924 8926 8921
8924 8927 8926
8924 8925 8928
8927 8924 8928
8927 8928 8929
8927 8929 8930
8927 8931 8926
8927 8930 8932
8927 8933 8931
8927 8932 8933
8934 8931 8933
8933 8932 8935
8934 8933 8936
8933 8935 8936
8882 8936 8935
8882 8881 8936
8937 8934 8936
8937 8936 8881
8881 8836 8937
8836 8833 8937
8938 8937 8833
8938 8833 8939
8940 8938 8939
8940 8939 8941
8942 8940 8941
8942 8941 8943
8944 8942 8943
8944 8943 8945
8945 8946 8944
8945 8947 8946
8948 8949 8950
8951 8950 8949
8951 8952 8950
8953 8952 8951
8953 8954 8952
8955 8954 8953
8955 8956 8954
8956 8955 8957
8956 8957 8958
8959 8960 8961
8959 8962 8960
8962 8959 8963
8962 8963 8964
8965 8964 8963
8965 8963 8966
8966 8967 8965
8966 8968 8967
8967 8968 8969
8970 8971 8972
8971 8973 8972
8971 8974 8973
8973 8974 8975
8973 8975 8976
8977 8976 8975
8977 8978 8976
8977 8979 8978
8977 8980 8979
8977 8981 8980
8981 8982 8980
8982 8983 8980
8984 8985 8986
8984 8986 8987
8987 8986 8988
8989 8990 8991
8989 8991 8992
8993 8994 8995
8993 8995 8996
8993 8996 8997
8993 8997 8998
8999 9000 9001
8999 9002 9000
9000 9002 9003
9004 9005 9006
9004 9007 9005
9008 9009 9010
9008 9011 9009
9011 9012 9009
9011 9013 9012
9014 9015 9016
9014 9016 9017
9017 9018 9014
9017 9016 9019
9017 9020 9018
9017 9019 9021
9022 9017 9021
9017 9022 9023
9024 9020 9017
9025 9017 9023
9025 9024 9017
9024 9025 9026
9026 9025 9027
9028 9029 9030
9028 9030 9031
9032 9033 9034
9034 9033 9035
9036 9037 9038
9036 9039 9037
9039 9036 9040
9039 9041 9037
9039 9040 9042
9039 9043 9041
9039 9044 9043
9039 9045 9044
9046 9039 9042
9047 9045 9039
9047 9039 9046
9046 9048 9047
9048 9049 9047
9050 9051 9052
9050 9052 9053
9054 9055 9056
9055 9057 9056
9058 9059 9060
9058 9060 9061
9062 9063 9064
9062 9065 9063
9066 9067 9068
9069 9067 9066
9069 9066 9070
9069 9070 9071
9072 9071 9070
9072 9070 9073
9074 9072 9073
9074 9073 9075
9076 9074 9075
9077 9078 9079
9077 9080 9078
9081 9078 9080
9081 9082 9078
9081 9083 9082
9081 9084 9083
9080 9085 9081
9080 9086 9085
9087 9085 9086
9081 9088 9084
9081 9085 9088
9088 9085 9087
9088 9089 9084
9090 9088 9087
9088 9090 9089
9090 9091 9089
9090 9092 9091
9091 9092 9093
9091 9093 9094
9095 9096 9097
9095 9097 9098
9099 9100 9101
9099 9101 9102
9103 9104 9105
9103 9105 9106
9107 9103 9106
9107 9106 9108
9109 9107 9108
9109 9108 9110
9111 9109 9110
9111 9110 9112
9113 9111 9112
9113 9112 9114
9115 9113 9114
9115 9114 9116
9115 9116 9117
9115 9117 9118
9119 9120 9121
9122 9119 9121
9122 9123 9119
9122 9124 9123
9125 9123 9124
9125 9126 9123
9127 9126 9125
9127 9128 9126
9129 9128 9127
9130 9131 9132
9130 9133 9131
9134 9133 9130
9134 9130 9135
9134 9135 9136
9134 9136 9137
9133 9134 9138
9133 9138 9139
9138 9140 9139
9134 9137 9141
9134 9141 9138
9138 9141 9140
9142 9141 9137
9143 9140 9141
9142 9143 9141
9144 9143 9142
9144 9145 9143
9146 9145 9144
9146 9144 9147
9148 9149 9150
9148 9150 9151
9152 9153 9154
9152 9154 9155
9156 9157 9158
9156 9159 9157
9159 9156 9160
9159 9160 9161
9162 9161 9160
9162 9163 9161
9164 9163 9162
9164 9165 9163
9166 9165 9164
9166 9167 9165
9168 9167 9166
9168 9169 9167
9168 9170 9169
9168 9171 9170
9172 9173 9174
9172 9175 9173
9176 9173 9175
9176 9175 9177
9177 9178 9176
9177 9179 9178
9180 9178 9179
9181 9182 9183
9183 9182 9184
9184 9182 9185
9185 9186 9184
9184 9186 9187
9188 9184 9187
9189 9183 9184
9190 9184 9188
9189 9184 9191
9190 9191 9184
9191 9192 9189
9193 9192 9191
9194 9193 9191
9191 9195 9194
9195 9191 9190
9196 9194 9195
9196 9195 9197
9195 9190 9197
9198 9196 9197
9199 9197 9190
9199 9190 9200
9200 9201 9199
9199 9201 9202
9199 9202 9203
9203 9204 9199
9197 9199 9204
9203 9205 9204
9204 9205 9206
9198 9197 9207
9207 9197 9204
9208 9198 9207
9208 9207 9209
9209 9210 9208
9204 9206 9211
9207 9204 9211
9207 9211 9209
9212 9211 9206
9211 9212 9213
9211 9213 9214
9211 9214 9209
9214 9213 9215
9214 9215 9216
9216 9217 9214
9214 9217 9209
9217 9218 9209
9219 9209 9218
9219 9220 9209
9209 9220 9210
9210 9220 9221
9222 9223 9224
9222 9225 9223
9225 9226 9223
9225 9227 9226
9227 9228 9226
9227 9229 9228
9229 9230 9228
9229 9231 9230
9232 9230 9231
9232 9231 9233
9233 9234 9232
9233 9235 9234
9236 9237 9238
9236 9239 9237
9239 9240 9237
9239 9241 9240
9241 9242 9240
9241 9243 9242
9243 9244 9242
9243 9245 9244
9245 9246 9244
9245 9247 9246
9247 9248 9246
9247 9249 9248
9250 9251 9252
9250 9253 9251
9253 9254 9251
9253 9255 9254
9255 9256 9254
9255 9257 9256
9258 9256 9257
9258 9257 9259
9259 9260 9258
9259 9261 9260
9261 9262 9260
9261 9263 9262
9262 9263 9264
9262 9264 9265
9266 9265 9264
9266 9267 9265
9268 9267 9266
9268 9266 9269
9270 9271 9272
9271 9270 9273
9274 9275 9276
9276 9277 9274
9278 9279 9280
9278 9280 9281
9278 9281 9282
9281 9283 9282
9284 9282 9283
9281 9285 9283
9286 9283 9285
9287 9286 9285
9288 9286 9287
9289 9290 9291
9289 9291 9292
9289 9292 9293
9294 9293 9292
9294 9295 9293
9296 9297 9298
9296 9298 9299
9296 9299 9300
9296 9300 9301
9300 9302 9301
9300 9303 9302
9304 9302 9303
9304 9305 9302
9306 9307 9308
9306 9309 9307
9310 9307 9309
9310 9309 9311
9311 9312 9310
9311 9313 9312
9314 9312 9313
9314 9313 9315
9314 9315 9316
9314 9316 9317
9318 9317 9316
9319 9317 9318
9319 9320 9317
9321 9320 9319
9321 9322 9320
9321 9323 9322
9321 9324 9323
9325 9326 9327
9328 9325 9327
9329 9328 9327
9325 9330 9331
9325 9332 9330
9332 9333 9330
9334 9333 9332
9334 9335 9333
9336 9335 9334
9336 9334 9337
9338 9336 9337
9338 9337 9339
9340 9338 9339
9336 9338 9341
9335 9336 9341
9340 9342 9338
9343 9342 9340
9343 9340 9344
9345 9343 9344
9345 9344 9346
9346 9347 9345
9346 9348 9347
9335 9341 9349
9335 9349 9350
9335 9350 9351
9352 9351 9350
9352 9350 9353
9351 9352 9354
9355 9333 9335
9355 9356 9333
9355 9357 9356
9355 9358 9357
9357 9358 9359
9357 9359 9360
9360 9359 9361
9360 9361 9362
9363 9364 9365
9363 9365 9366
9367 9363 9366
9367 9368 9363
9369 9368 9367
9370 9368 9369
9370 9369 9371
9372 9373 9374
9372 9374 9375
9372 9375 9376
9376 9375 9377
9376 9377 9378
9377 9379 9378
9377 9380 9379
9379 9380 9381
9379 9381 9382
9383 9384 9385
9383 9385 9386
9387 9386 9385
9387 9388 9386
9389 9388 9387
9389 9387 9390
9389 9390 9391
9391 9390 9392
9391 9392 9393
9393 9392 9394
9393 9394 9395
9395 9394 9396
9397 9398 9399
9397 9400 9398
9397 9401 9400
9397 9402 9401
9401 9402 9403
9401 9403 9404
9403 9405 9404
9403 9406 9405
9406 9407 9405
9406 9408 9407
9409 9407 9408
9409 9410 9407
9410 9409 9411
9410 9411 9412
9413 9412 9411
9413 9411 9414
9415 9413 9414
9415 9416 9413
9417 9416 9415
9417 9418 9416
9419 9420 9421
9422 9420 9419
9422 9419 9423
9422 9423 9424
9425 9426 9427
9428 9426 9425
9428 9429 9426
9430 9429 9428
9431 9429 9430
9430 9428 9432
9433 9434 9435
9433 9436 9434
9436 9433 9437
9436 9437 9438
9439 9438 9437
9439 9440 9438
9441 9442 9443
9441 9443 9444
9445 9444 9443
9445 9443 9446
9447 9445 9446
9447 9446 9448
9449 9447 9448
9449 9450 9447
9449 9451 9450
9449 9452 9451
9451 9452 9453
9451 9453 9454
9455 9454 9453
9455 9456 9454
9457 9456 9455
9457 9458 9456
9459 9458 9457
9459 9460 9458
9461 9462 9463
9461 9463 9464
9465 9464 9463
9465 9466 9464
9466 9465 9467
9466 9467 9468
9469 9468 9467
9470 9471 9472
9471 9473 9472
9472 9473 9474
9474 9473 9475
9473 9476 9475
9473 9477 9476
9478 9473 9471
9479 9477 9473
9478 9480 9473
9479 9473 9480
9481 9480 9478
9480 9481 9482
9483 9480 9482
9483 9484 9480
9484 9479 9480
9485 9484 9483
9485 9486 9484
9484 9486 9479
9487 9486 9485
9488 9479 9486
9488 9489 9479
9489 9488 9490
9488 9491 9490
9488 9492 9491
9492 9488 9493
9486 9493 9488
9492 9493 9494
9493 9495 9494
9487 9496 9486
9496 9493 9486
9497 9496 9487
9497 9498 9496
9499 9498 9497
9493 9500 9495
9496 9500 9493
9496 9498 9500
9501 9495 9500
9502 9501 9500
9502 9500 9503
9498 9503 9500
9503 9504 9502
9503 9505 9504
9505 9503 9506
9503 9498 9506
9506 9498 9507
9508 9507 9498
9508 9498 9509
9509 9498 9499
9509 9499 9510
9511 9512 9513
9511 9513 9514
9514 9513 9515
9514 9515 9516
9516 9515 9517
9516 9517 9518
9518 9517 9519
9518 9519 9520
9521 9520 9519
9521 9522 9520
9522 9521 9523
9522 9523 9524
9525 9526 9527
9525 9527 9528
9528 9527 9529
9528 9529 9530
9530 9529 9531
9530 9531 9532
9532 9531 9533
9532 9533 9534
9534 9533 9535
9534 9535 9536
9536 9535 9537
9536 9537 9538
9539 9540 9541
9539 9542 9540
9542 9543 9540
9542 9544 9543
9543 9544 9545
9544 9546 9545
9547 9548 9549
9547 9549 9550
9550 9549 9551
9550 9551 9552
9552 9551 9553
9552 9553 9554
