byte offset: 0
first index: 0
index count: 6876
topology: trianglelist
format: DXGI_FORMAT_R16_UINT

0 1 2
3 4 5
6 7 8
9 10 11
12 13 14
15 16 17
18 19 20
21 22 23
24 25 26
27 28 29
30 31 32
33 34 35
36 37 38
39 40 41
42 43 44
45 46 47
48 49 50
51 52 53
54 55 56
57 58 59
60 61 62
63 64 65
66 67 68
69 70 71
72 73 74
75 76 77
78 79 80
81 82 83
84 85 86
87 88 89
90 91 92
93 94 95
96 97 98
99 100 101
102 103 104
105 106 107
108 109 110
108 110 111
110 112 111
111 112 113
108 111 114
111 113 115
111 115 114
113 116 115
116 117 115
115 117 114
116 118 117
114 117 119
119 117 118
119 118 120
114 119 121
119 120 122
121 119 122
121 122 123
124 125 126
127 124 126
127 126 128
127 128 129
127 129 130
131 130 129
129 132 131
133 132 129
133 134 132
131 135 130
136 135 131
137 136 131
135 138 130
138 139 130
138 140 139
141 142 143
141 143 144
145 141 144
145 144 146
145 146 147
146 148 147
145 147 149
149 150 145
149 147 151
152 149 151
153 154 155
153 156 154
157 156 153
157 153 158
159 157 158
159 160 157
161 162 163
161 163 164
163 165 164
163 166 165
167 168 169
167 169 170
170 169 171
170 171 172
173 172 171
173 171 174
175 176 177
175 177 178
179 180 181
179 182 180
183 180 182
183 184 180
185 186 187
185 187 188
189 188 187
189 190 188
190 189 191
190 191 192
192 191 193
192 193 194
193 195 194
193 196 195
196 197 195
196 198 197
198 199 197
198 200 199
199 200 201
199 201 202
201 203 202
202 203 204
203 201 205
201 206 205
201 207 206
208 206 207
208 207 209
209 210 208
209 211 210
210 211 212
210 212 213
212 214 213
215 216 217
215 218 216
219 218 215
219 215 220
221 219 220
221 220 222
221 222 223
221 223 224
225 224 223
225 223 226
227 225 226
227 226 228
229 227 228
229 228 230
231 229 230
231 230 232
232 233 231
232 234 233
235 233 234
235 234 236
235 236 237
235 237 238
238 237 239
238 239 240
240 239 241
240 241 242
242 241 243
242 243 244
245 244 243
245 243 246
247 245 246
247 246 248
247 248 249
247 249 250
251 250 249
251 252 250
253 252 251
253 254 252
255 254 253
255 253 256
255 256 257
255 257 258
259 258 257
259 260 258
260 259 261
260 261 262
263 262 261
263 261 264
265 263 264
265 264 266
266 267 265
266 268 267
267 268 269
267 269 270
269 271 270
269 272 271
272 273 271
272 274 273
275 276 277
275 277 278
279 275 278
279 280 275
279 281 280
279 282 281
282 283 281
282 284 283
283 284 285
283 285 286
286 285 287
286 287 288
288 287 289
288 289 290
289 291 290
289 292 291
292 293 291
292 294 293
293 295 291
291 295 296
291 296 297
298 297 296
298 299 297
299 298 300
299 300 301
300 302 301
300 303 302
302 303 304
305 306 307
305 308 306
309 308 305
309 310 308
311 310 309
311 312 310
313 312 311
313 314 312
315 316 317
316 315 318
316 318 319
320 319 318
321 320 318
320 322 319
323 321 318
322 320 324
321 323 325
320 326 324
326 327 324
327 326 328
329 321 325
329 325 330
331 329 330
331 332 329
321 329 332
321 332 333
334 321 333
334 320 321
334 335 320
335 326 320
335 336 326
336 328 326
336 337 328
328 337 338
339 328 338
340 339 338
340 341 339
340 342 341
339 343 328
328 343 344
327 328 344
344 345 327
344 346 345
345 347 327
348 345 346
347 345 349
349 345 348
350 351 352
350 353 351
350 354 353
355 353 354
355 354 356
357 355 356
358 357 356
358 356 359
357 358 360
359 361 358
357 360 362
360 363 362
364 362 363
359 365 361
359 366 365
366 367 365
365 367 368
369 368 367
369 367 370
370 371 369
366 372 367
366 373 372
374 372 373
374 373 375
376 374 375
376 377 374
376 378 377
379 380 381
379 382 380
383 382 379
384 385 386
387 386 385
387 388 386
388 387 389
390 391 392
390 392 393
393 394 390
394 393 395
396 390 394
394 395 397
398 396 394
394 397 398
398 399 396
398 397 400
401 399 398
398 400 401
401 402 399
401 400 403
403 402 401
403 404 402
400 405 403
406 404 403
405 407 403
403 407 406
408 407 405
407 409 406
410 407 408
411 409 407
412 407 410
413 411 407
412 414 407
413 407 414
412 415 414
416 413 414
414 415 416
417 418 419
417 419 420
421 420 419
421 422 420
423 422 421
423 424 422
425 424 423
425 423 426
426 427 425
427 426 428
427 428 429
430 427 429
430 431 427
430 432 431
430 433 432
433 434 432
433 435 434
436 434 435
434 436 437
438 439 440
438 441 439
442 443 444
444 443 445
444 445 446
444 446 447
447 446 448
447 448 449
450 449 448
451 452 453
451 453 454
455 451 454
455 456 451
455 457 456
455 458 457
459 460 461
462 459 461
463 462 461
463 461 464
465 463 464
465 464 466
465 466 467
468 465 467
468 463 465
469 462 463
468 469 463
470 459 462
469 470 462
471 469 468
471 468 472
473 459 470
473 474 459
475 474 473
476 470 469
471 476 469
476 473 470
477 471 472
477 476 471
478 477 472
477 479 476
478 479 477
479 473 476
478 480 479
481 475 473
479 481 473
480 481 479
482 475 481
480 483 481
483 482 481
484 485 486
485 487 486
485 488 487
488 489 487
488 490 489
491 489 490
488 485 492
493 492 485
493 494 492
494 493 495
494 495 496
497 498 499
497 499 500
497 500 501
500 502 501
500 499 503
500 503 504
505 504 503
505 506 504
507 506 505
508 506 507
509 507 505
509 505 510
509 510 511
509 511 512
513 514 515
513 515 516
515 517 516
515 518 517
519 517 518
519 518 520
520 521 519
520 522 521
523 521 522
524 523 522
524 522 525
526 524 525
526 525 527
527 528 526
527 529 528
527 530 529
531 528 529
530 532 529
531 529 532
521 523 533
534 521 533
534 535 521
534 536 535
534 537 536
534 538 537
539 538 534
539 534 533
533 523 540
533 540 539
540 523 541
542 541 523
543 541 542
543 544 541
545 544 543
545 543 546
547 545 546
547 548 545
540 541 549
550 549 541
550 551 549
552 551 550
552 553 551
554 553 552
555 539 540
556 555 540
556 557 555
556 558 557
556 559 558
558 559 560
539 555 561
559 562 560
562 563 560
562 564 563
562 565 564
539 561 566
566 561 567
567 561 568
569 566 567
567 568 570
569 571 566
572 570 568
573 571 569
573 574 571
575 574 573
575 573 576
577 575 576
572 568 578
572 578 579
578 580 579
578 581 580
582 583 584
585 584 583
585 583 586
586 587 585
586 588 587
589 587 588
590 591 592
591 593 592
591 594 593
593 594 595
596 593 595
596 595 597
598 592 593
596 598 593
596 597 599
599 597 600
601 596 599
602 599 600
601 599 602
596 601 603
596 603 598
604 601 602
605 601 604
605 604 606
605 606 607
605 607 608
609 608 607
610 605 608
609 611 608
611 610 608
609 612 611
611 613 610
614 610 613
615 598 603
615 603 616
615 616 617
617 616 618
598 615 619
620 617 619
621 617 614
621 619 617
622 621 614
613 622 614
621 622 623
624 622 613
624 613 625
598 619 626
598 626 592
619 627 626
627 592 626
619 628 627
627 629 592
629 630 592
629 631 630
632 631 629
633 632 629
634 635 636
637 634 636
638 637 636
638 639 637
638 640 639
641 642 643
642 644 643
642 645 644
645 646 644
647 648 649
647 649 650
647 650 651
651 650 652
651 652 653
653 652 654
653 654 655
654 656 655
654 657 656
655 656 658
657 654 659
655 658 660
660 658 661
660 661 662
663 657 659
663 659 664
665 663 664
665 664 666
667 665 666
667 668 665
669 670 671
669 671 672
673 674 675
673 675 676
677 678 679
677 679 680
681 682 683
681 683 684
685 681 684
685 684 686
687 685 686
687 686 688
689 687 688
689 688 690
690 691 689
690 692 691
691 692 693
691 693 694
695 696 697
695 697 698
699 700 701
699 701 702
703 704 705
703 706 704
707 706 703
707 708 706
709 710 711
709 711 712
713 714 715
713 716 714
713 717 716
718 719 720
721 720 719
721 722 720
722 721 723
720 722 724
720 724 725
724 726 725
724 727 726
727 728 726
729 730 731
729 732 730
733 732 729
733 734 732
735 736 737
735 737 738
739 740 741
741 742 739
742 743 739
744 745 746
744 747 745
748 745 747
748 749 745
750 751 752
750 752 753
753 752 754
755 756 757
755 757 758
759 760 761
759 761 762
763 762 761
763 761 764
765 763 764
766 767 768
766 769 767
770 771 772
773 771 770
773 774 771
775 774 773
775 776 774
775 777 776
776 777 778
776 778 779
780 781 782
783 782 781
783 784 782
783 785 784
784 785 786
784 786 787
788 787 786
789 790 791
789 791 792
792 791 793
794 795 796
794 796 797
798 799 800
798 801 799
801 802 799
801 803 802
803 804 802
805 806 807
805 807 808
805 808 809
805 809 810
811 810 809
812 811 809
813 814 815
813 815 816
817 818 819
817 819 820
821 822 823
824 821 823
824 823 825
826 824 825
826 827 824
602 827 826
602 828 827
829 828 602
602 600 829
830 829 600
830 831 829
829 831 832
833 829 832
833 828 829
834 828 833
835 834 833
834 836 828
835 837 834
835 838 837
839 836 834
837 839 834
836 839 840
840 839 841
840 841 842
842 841 843
842 843 844
843 845 844
846 839 837
838 847 837
846 837 847
838 848 847
849 847 848
847 849 850
847 850 846
846 850 851
844 845 852
852 845 853
852 854 844
852 855 854
856 854 855
857 858 859
857 860 858
860 857 861
862 863 864
862 865 863
866 865 862
866 867 865
866 868 867
866 869 868
869 870 868
869 871 870
872 873 874
872 874 875
876 872 875
877 872 876
877 876 878
879 877 878
879 878 880
881 882 883
881 884 882
881 885 884
886 885 881
886 887 885
886 888 887
886 889 888
890 891 892
890 892 893
894 890 893
894 893 895
895 896 894
895 897 896
898 899 900
898 901 899
899 901 902
901 903 902
898 904 901
901 905 903
901 904 905
903 905 906
907 906 905
905 904 907
907 908 906
904 909 907
909 908 907
909 910 908
904 911 909
909 912 910
911 912 909
911 913 912
914 915 916
917 915 914
917 918 915
917 919 918
917 920 919
921 919 920
919 921 922
923 919 922
923 922 924
921 920 925
926 921 925
927 921 926
925 920 928
928 920 929
928 929 930
931 932 933
931 934 932
935 934 931
935 936 934
935 937 936
936 937 938
935 939 937
939 935 940
939 941 937
942 941 939
943 944 945
943 945 946
947 943 946
947 948 943
949 948 947
949 947 950
951 952 953
951 954 952
952 954 955
952 955 956
957 958 959
957 960 958
960 961 958
960 962 961
963 961 962
963 964 961
965 966 967
965 967 968
969 970 971
969 971 972
973 972 971
973 971 974
975 976 977
975 978 976
979 976 978
979 978 980
980 981 979
980 982 981
982 983 981
982 984 983
983 984 985
983 985 986
986 985 987
986 987 988
988 987 989
988 989 990
991 990 989
991 989 992
991 992 993
992 994 993
993 995 991
991 995 996
991 996 997
998 997 996
998 999 997
999 998 1000
999 1000 1001
1000 1002 1001
1000 1003 1002
1002 1003 1004
1005 1006 1007
1005 1007 1008
1005 1008 1009
1005 1009 1010
1010 1009 1011
1010 1011 1012
1011 1013 1012
1011 1014 1013
1015 1013 1014
1015 1016 1013
1017 1016 1015
1017 1018 1016
1019 1018 1017
1019 1020 1018
1021 1020 1019
1021 1022 1020
1022 1021 1023
1022 1023 1024
1025 1024 1023
1025 1026 1024
1025 1027 1026
1025 1028 1027
1028 1029 1027
1028 1030 1029
1030 1031 1029
1030 1032 1031
1032 1033 1031
1032 1034 1033
1035 1033 1034
1035 1036 1033
1037 1036 1035
1037 1038 1036
1037 1039 1038
1037 1040 1039
1041 1039 1040
1041 1040 1042
1043 1041 1042
1043 1042 1044
1045 1043 1044
1045 1046 1043
1045 1047 1046
1045 1048 1047
1049 1047 1048
1049 1048 1050
1050 1051 1049
1050 1052 1051
1053 1051 1052
1053 1054 1051
1055 1054 1053
1055 1056 1054
1056 1055 1057
1056 1057 1058
1057 1059 1058
1057 1060 1059
1061 1059 1060
1061 1062 1059
1063 1062 1061
1063 1064 1062
1065 1066 1067
1065 1068 1066
1069 1068 1065
1069 1065 1070
1071 1069 1070
1071 1072 1069
1072 1071 1073
1072 1073 1074
1075 1074 1073
1075 1073 1076
1077 1075 1076
1077 1076 1078
1079 1077 1078
1079 1078 1080
1079 1080 1081
1079 1081 1082
1082 1081 1083
1082 1083 1084
1083 1081 1085
1081 1086 1085
1081 1087 1086
1088 1086 1087
1088 1087 1089
1089 1090 1088
1089 1091 1090
1090 1091 1092
1090 1092 1093
1092 1094 1093
1095 1096 1097
1095 1097 1098
1099 1095 1098
1099 1098 1100
1101 1099 1100
1101 1100 1102
1103 1101 1102
1103 1102 1104
1105 1106 1107
1107 1108 1105
1107 1109 1108
1110 1108 1109
1111 1108 1110
1110 1109 1112
1113 1108 1111
1112 1114 1110
1111 1115 1113
1110 1114 1116
1116 1114 1117
1117 1118 1116
1115 1111 1119
1115 1119 1120
1121 1120 1119
1121 1119 1122
1111 1122 1119
1111 1123 1122
1124 1123 1111
1110 1124 1111
1110 1125 1124
1116 1125 1110
1116 1126 1125
1126 1116 1118
1126 1118 1127
1118 1128 1127
1129 1128 1118
1130 1128 1129
1130 1129 1131
1130 1131 1132
1129 1118 1133
1118 1134 1133
1117 1134 1118
1134 1117 1135
1134 1135 1136
1135 1117 1137
1138 1136 1135
1137 1139 1135
1139 1138 1135
1140 1141 1142
1140 1142 1143
1140 1143 1144
1145 1144 1143
1145 1146 1144
1147 1146 1145
1148 1146 1147
1148 1149 1146
1147 1150 1148
1149 1148 1151
1147 1152 1150
1150 1152 1153
1154 1153 1152
1149 1151 1155
1149 1155 1156
1156 1155 1157
1155 1158 1157
1159 1157 1158
1159 1160 1157
1160 1159 1161
1156 1157 1162
1156 1162 1163
1164 1163 1162
1164 1165 1163
1166 1165 1164
1166 1164 1167
1166 1167 1168
1169 1170 1171
1169 1171 1172
1173 1169 1172
1174 1175 1176
1177 1176 1175
1177 1175 1178
1178 1179 1177
1180 1181 1182
1180 1183 1181
1183 1180 1184
1184 1185 1183
1186 1184 1180
1184 1187 1185
1188 1184 1186
1184 1188 1187
1188 1186 1189
1188 1190 1187
1191 1188 1189
1188 1191 1190
1191 1189 1192
1191 1193 1190
1193 1191 1192
1193 1192 1194
1190 1193 1195
1196 1193 1194
1195 1193 1197
1193 1196 1197
1198 1195 1197
1197 1196 1199
1200 1198 1197
1201 1197 1199
1202 1200 1197
1203 1197 1201
1202 1197 1204
1203 1204 1197
1202 1204 1205
1206 1204 1203
1204 1206 1205
1207 1208 1209
1207 1210 1208
1211 1208 1210
1211 1210 1212
1212 1213 1211
1212 1214 1213
1215 1213 1214
1215 1216 1213
1216 1215 1217
1217 1218 1216
1217 1219 1218
1220 1219 1217
1220 1217 1221
1220 1221 1222
1220 1222 1223
1223 1222 1224
1223 1224 1225
1226 1225 1224
1224 1227 1226
1228 1229 1230
1228 1230 1231
1232 1233 1234
1233 1235 1234
1233 1236 1235
1233 1237 1236
1237 1238 1236
1237 1239 1238
1240 1238 1239
1241 1242 1243
1241 1244 1242
1241 1245 1244
1241 1246 1245
1245 1246 1247
1245 1247 1248
1249 1250 1251
1252 1250 1249
1253 1250 1252
1253 1254 1250
1255 1254 1253
1255 1256 1254
1255 1257 1256
1258 1257 1255
1258 1255 1253
1259 1253 1252
1258 1253 1259
1260 1252 1249
1259 1252 1260
1261 1258 1259
1261 1262 1258
1263 1260 1249
1263 1249 1264
1265 1263 1264
1266 1259 1260
1261 1259 1266
1266 1260 1263
1267 1262 1261
1267 1261 1266
1268 1262 1267
1267 1266 1269
1268 1267 1269
1269 1266 1263
1268 1269 1270
1271 1263 1265
1269 1263 1271
1270 1269 1271
1272 1271 1265
1270 1271 1273
1273 1271 1272
1274 1275 1276
1276 1275 1277
1276 1277 1278
1278 1277 1279
1278 1279 1280
1281 1280 1279
1278 1282 1276
1282 1283 1276
1282 1284 1283
1284 1285 1283
1284 1286 1285
1287 1288 1289
1287 1290 1288
1287 1291 1290
1290 1291 1292
1290 1293 1288
1290 1294 1293
1295 1293 1294
1295 1294 1296
1297 1295 1296
1298 1297 1296
1299 1295 1297
1299 1300 1295
1299 1301 1300
1299 1302 1301
1303 1304 1305
1303 1306 1304
1304 1306 1307
1304 1307 1308
1309 1308 1307
1309 1310 1308
1310 1309 1311
1310 1311 1312
1313 1312 1311
1314 1312 1313
1314 1315 1312
1316 1315 1314
1316 1317 1315
1318 1317 1316
1318 1319 1317
1320 1319 1318
1317 1319 1321
1320 1322 1319
1321 1319 1322
1311 1323 1313
1324 1323 1311
1324 1311 1325
1324 1325 1326
1324 1326 1327
1324 1327 1328
1329 1324 1328
1329 1323 1324
1323 1330 1313
1323 1329 1330
1330 1331 1313
1332 1313 1331
1333 1332 1331
1333 1331 1334
1333 1334 1335
1333 1335 1336
1337 1336 1335
1337 1335 1338
1330 1339 1331
1340 1331 1339
1340 1339 1341
1341 1342 1340
1341 1343 1342
1344 1342 1343
1345 1330 1329
1346 1330 1345
1346 1345 1347
1346 1347 1348
1346 1348 1349
1348 1350 1349
1329 1351 1345
1349 1350 1352
1352 1350 1353
1352 1353 1354
1352 1354 1355
1329 1356 1351
1356 1357 1351
1357 1358 1351
1359 1357 1356
1357 1360 1358
1359 1356 1361
1362 1358 1360
1363 1359 1361
1363 1361 1364
1365 1363 1364
1365 1366 1363
1367 1366 1365
1362 1368 1358
1362 1369 1368
1368 1369 1370
1368 1370 1371
1372 1373 1374
1375 1374 1373
1375 1376 1374
1376 1375 1377
1376 1377 1378
1377 1379 1378
1380 1381 1382
1382 1381 1383
1382 1383 1384
1383 1385 1384
1386 1385 1383
1386 1387 1385
1388 1383 1381
1386 1383 1388
1386 1389 1387
1389 1390 1387
1391 1389 1386
1392 1390 1389
1391 1392 1389
1386 1393 1391
1386 1388 1393
1394 1392 1391
1394 1391 1395
1394 1395 1396
1395 1397 1396
1395 1398 1397
1399 1397 1398
1400 1398 1395
1399 1398 1401
1401 1398 1400
1399 1401 1402
1401 1400 1403
1404 1403 1400
1405 1393 1388
1405 1406 1393
1405 1407 1406
1407 1408 1406
1409 1405 1388
1410 1409 1407
1411 1404 1407
1411 1407 1409
1412 1404 1411
1403 1404 1412
1411 1413 1412
1414 1403 1412
1414 1415 1403
1409 1388 1416
1388 1381 1416
1409 1416 1417
1417 1416 1381
1409 1417 1418
1417 1381 1419
1419 1381 1420
1419 1420 1421
1422 1419 1421
1423 1419 1422
1424 1425 1426
1427 1425 1424
1428 1425 1427
1428 1427 1429
1428 1429 1430
1431 1432 1433
1433 1432 1434
1433 1434 1435
1435 1434 1436
1437 1438 1439
1437 1440 1438
1437 1441 1440
1441 1442 1440
1441 1443 1442
1443 1444 1442
1443 1445 1444
1444 1445 1446
1444 1446 1447
1445 1448 1446
1447 1449 1444
1445 1450 1448
1450 1451 1448
1450 1452 1451
1453 1449 1447
1453 1454 1449
1455 1454 1453
1455 1456 1454
1457 1456 1455
1457 1455 1458
1459 1460 1461
1459 1461 1462
1463 1464 1465
1463 1465 1466
1467 1468 1469
1467 1469 1470
1471 1472 1473
1471 1474 1472
1475 1474 1471
1475 1476 1474
1477 1476 1475
1477 1478 1476
1479 1478 1477
1479 1480 1478
1480 1479 1481
1480 1481 1482
1481 1483 1482
1481 1484 1483
1485 1486 1487
1485 1487 1488
1489 1490 1491
1489 1491 1492
1493 1494 1495
1493 1495 1496
1497 1493 1496
1497 1496 1498
1499 1500 1501
1499 1501 1502
1503 1504 1505
1503 1505 1506
1503 1506 1507
1508 1509 1510
1509 1511 1510
1509 1512 1511
1512 1513 1511
1509 1514 1512
1509 1515 1514
1514 1515 1516
1514 1516 1517
1517 1516 1518
1519 1520 1521
1519 1522 1520
1523 1520 1522
1523 1522 1524
1525 1526 1527
1525 1527 1528
1529 1530 1531
1530 1529 1532
1532 1529 1533
1534 1535 1536
1534 1536 1537
1538 1537 1536
1538 1536 1539
1540 1541 1542
1540 1543 1541
1543 1544 1541
1545 1546 1547
1545 1547 1548
1549 1550 1551
1549 1552 1550
1553 1550 1552
1553 1554 1550
1555 1554 1553
1556 1557 1558
1556 1558 1559
1560 1561 1562
1563 1560 1562
1563 1562 1564
1565 1563 1564
1565 1564 1566
1565 1566 1567
1566 1568 1567
1566 1569 1568
1570 1571 1572
1573 1572 1571
1573 1571 1574
1573 1574 1575
1574 1576 1575
1574 1577 1576
1578 1576 1577
1579 1580 1581
1579 1582 1580
1582 1583 1580
1584 1585 1586
1584 1586 1587
1588 1589 1590
1588 1590 1591
1591 1590 1592
1591 1592 1593
1593 1592 1594
1595 1596 1597
1595 1598 1596
1595 1599 1598
1595 1600 1599
1601 1599 1600
1602 1599 1601
1603 1604 1605
1603 1605 1606
1607 1608 1609
1607 1609 1610
1611 1612 1613
1614 1612 1611
1614 1615 1612
1616 1615 1614
1616 1614 1617
1392 1616 1617
1392 1617 1618
1619 1392 1618
1392 1619 1390
1620 1390 1619
1620 1619 1621
1619 1622 1621
1623 1622 1619
1623 1619 1618
1624 1623 1618
1625 1623 1624
1624 1618 1626
1625 1624 1627
1625 1627 1628
1629 1624 1626
1627 1624 1629
1626 1630 1629
1630 1631 1629
1630 1632 1631
1632 1633 1631
1632 1634 1633
1633 1634 1635
1636 1627 1629
1628 1627 1637
1636 1637 1627
1628 1637 1638
1639 1638 1637
1640 1639 1637
1640 1637 1636
1636 1641 1640
1634 1642 1635
1642 1643 1635
1642 1634 1644
1642 1644 1645
1646 1645 1644
1647 1648 1649
1647 1649 1650
1650 1651 1647
1652 1653 1654
1652 1655 1653
1656 1653 1655
1656 1655 1657
1656 1657 1658
1656 1658 1659
1659 1658 1660
1659 1660 1661
1662 1663 1664
1662 1665 1663
1666 1665 1662
1667 1666 1662
1667 1668 1666
1669 1668 1667
1669 1670 1668
1671 1672 1673
1671 1673 1674
1671 1674 1675
1676 1671 1675
1676 1675 1677
1676 1677 1678
1676 1678 1679
1680 1681 1682
1680 1683 1681
1684 1683 1680
1684 1685 1683
1686 1685 1684
1686 1687 1685
1688 1689 1690
1688 1690 1691
1692 1691 1690
1692 1693 1691
1692 1694 1693
1692 1695 1694
1696 1691 1693
1696 1697 1691
1698 1692 1690
1692 1698 1699
1698 1690 1700
1690 1701 1700
1702 1698 1700
1702 1700 1703
1702 1703 1704
1705 1697 1696
1705 1706 1697
1705 1696 1707
1707 1696 1708
1709 1705 1707
1709 1707 1710
1709 1710 1711
1712 1713 1714
1712 1715 1713
1716 1715 1712
1716 1717 1715
1718 1717 1716
1718 1719 1717
1720 1721 1722
1720 1722 1723
1724 1725 1726
1724 1727 1725
1728 1727 1724
1728 1729 1727
1730 1729 1728
1730 1731 1729
1732 1733 1734
1732 1734 1735
1735 1734 1736
1735 1736 1737
1738 1739 1740
1738 1740 1741
1742 1743 1744
1742 1744 1745
1746 1747 1748
1746 1748 1749
1750 1751 1752
1750 1752 1753
1754 1750 1753
1754 1753 1755
1756 1754 1755
1756 1755 1757
1758 1759 1760
1758 1760 1761
1762 1763 1764
1762 1764 1765
1766 1762 1765
1766 1765 1767
1768 1766 1767
1768 1767 1769
1770 1771 1772
1770 1773 1771
1773 1774 1771
1773 1775 1774
1776 1777 1778
1776 1778 1779
1780 1781 1782
1780 1782 1783
1784 1785 1786
1784 1786 1787
1788 1789 1790
1791 1790 1789
1791 1789 1792
1791 1792 1793
1793 1792 1794
1791 1793 1795
1791 1795 1796
1797 1795 1793
1795 1797 1798
1795 1798 1799
1797 1793 1800
1801 1797 1800
1800 1793 1802
1803 1802 1793
1801 1800 1804
1805 1801 1804
1801 1805 1806
1801 1806 1807
1805 1804 1808
1805 1808 1809
1808 1804 1810
1810 1804 1811
1812 1813 1814
1812 1815 1813
1812 1816 1815
1817 1815 1816
1817 1818 1815
1818 1819 1815
1819 1818 1820
1820 1818 1821
1819 1820 1822
1823 1822 1820
1824 1825 1826
1824 1827 1825
1827 1828 1825
1827 1829 1828
1830 1829 1827
1830 1827 1831
1832 1833 1834
1832 1835 1833
1835 1836 1833
1835 1837 1836
1838 1837 1835
1835 1839 1838
1838 1839 1840
1840 1839 1841
1841 1839 1842
1843 1844 1845
1843 1846 1844
1843 1847 1846
1848 1846 1847
1849 1846 1848
1846 1849 1850
1851 1852 1853
1851 1853 1854
1851 1854 1855
1856 1855 1854
1856 1857 1855
1856 1858 1857
1856 1859 1858
1858 1859 1860
1860 1859 1861
1860 1861 1862
1863 1864 1865
1866 1864 1863
1866 1867 1864
1866 1868 1867
1866 1869 1868
1868 1869 1870
1870 1869 1871
1872 1873 1874
1872 1874 1875
1876 1872 1875
1877 1876 1875
1877 1878 1876
1877 1879 1878
1877 1880 1879
1881 1879 1880
1881 1880 1882
1881 1882 1883
1884 1885 1886
1886 1885 1887
1885 1888 1887
1889 1886 1887
1888 1889 1887
1885 1890 1888
1888 1891 1889
1892 1891 1888
1888 1890 1893
1892 1888 1894
1888 1893 1894
1895 1892 1894
1893 1895 1894
1893 1896 1895
1895 1896 1897
1895 1897 1898
1899 1895 1898
1898 1897 1900
1899 1898 1901
1898 1900 1901
1899 1901 1902
1901 1900 1903
1904 1902 1901
1901 1903 1905
1904 1901 1905
1905 1903 1906
1906 1904 1905
1907 1908 1909
1908 1910 1909
1909 1910 1911
1908 1912 1910
1910 1913 1911
1913 1914 1911
1915 1914 1913
1910 1916 1913
1916 1910 1912
1915 1913 1917
1916 1912 1918
1919 1918 1912
1919 1920 1918
1921 1920 1919
1915 1917 1922
1921 1923 1920
1915 1922 1924
1921 1925 1923
1922 1926 1924
1924 1926 1927
1928 1926 1922
1929 1923 1925
1929 1925 1930
1929 1931 1923
1928 1932 1926
1928 1933 1932
1932 1934 1926
1932 1935 1934
1933 1936 1932
1931 1929 1937
1931 1937 1938
1937 1936 1938
1939 1937 1929
1939 1940 1937
1941 1935 1932
1932 1936 1941
1941 1942 1935
1940 1943 1937
1943 1936 1937
1940 1944 1943
1945 1942 1941
1945 1946 1942
1947 1941 1936
1947 1936 1943
1941 1947 1945
1944 1948 1943
1947 1943 1948
1944 1949 1948
1950 1946 1945
1947 1950 1945
1947 1948 1950
1949 1950 1948
1950 1951 1946
1949 1951 1950
1952 1953 1954
1955 1954 1953
1955 1953 1956
1955 1956 1957
1955 1957 1958
1958 1957 1959
1958 1959 1960
1961 1962 1963
1961 1963 1964
1961 1964 1965
1966 1965 1964
1966 1964 1967
1967 1964 1968
1968 1969 1967
1969 1970 1967
1968 1971 1969
1972 1969 1971
1973 1974 1975
1973 1975 1976
1976 1975 1977
1976 1977 1978
1979 1976 1978
1979 1980 1976
1981 1982 1983
1981 1983 1984
1984 1983 1985
1984 1985 1986
1987 1984 1986
1984 1987 1988
1987 1989 1988
1989 1990 1988
1990 1991 1988
1992 1993 1994
1992 1994 1995
1992 1995 1996
1997 1996 1995
1998 1997 1995
1995 1999 1998
2000 2001 2002
2000 2003 2001
2000 2004 2003
2005 2003 2004
2005 2004 2006
2005 2006 2007
2005 2007 2008
2007 2009 2008
2009 2010 2008
2009 2011 2010
2012 2013 2014
2015 2012 2014
2015 2014 2016
2015 2016 2017
2015 2017 2018
2017 2019 2018
2019 2020 2018
2021 2022 2023
2021 2024 2022
2025 2024 2021
2026 2024 2025
2026 2025 2027
2026 2027 2028
2026 2028 2029
2030 2029 2028
2030 2031 2029
2030 2032 2031
2033 2034 2035
2034 2036 2035
2035 2036 2037
2038 2036 2034
2037 2036 2038
2035 2037 2039
2037 2038 2040
2037 2040 2041
2037 2042 2039
2037 2041 2043
2037 2043 2042
2044 2043 2041
2042 2043 2044
2042 2044 2045
2044 2046 2045
2044 2047 2046
2048 2047 2044
2047 2049 2046
2050 2047 2048
2047 2050 2049
2050 2048 2051
2050 2052 2049
2053 2050 2051
2050 2054 2052
2053 2054 2050
2054 2055 2052
2055 2054 2053
2056 2057 2058
2058 2057 2059
2057 2060 2059
2058 2059 2061
2062 2059 2060
2062 2060 2063
2064 2062 2063
2062 2065 2059
2061 2059 2065
2064 2066 2062
2061 2065 2067
2068 2061 2067
2068 2067 2069
2070 2068 2069
2064 2071 2066
2072 2070 2069
2064 2073 2071
2072 2074 2070
2071 2073 2075
2073 2076 2075
2077 2071 2075
2078 2074 2072
2078 2079 2074
2078 2072 2080
2081 2077 2075
2081 2075 2082
2081 2083 2077
2081 2082 2084
2083 2081 2085
2086 2078 2080
2086 2080 2087
2086 2087 2085
2088 2078 2086
2088 2086 2089
2090 2081 2084
2081 2090 2085
2090 2084 2091
2089 2086 2092
2092 2086 2085
2089 2092 2093
2094 2090 2091
2094 2091 2095
2096 2085 2090
2096 2092 2085
2090 2094 2096
2093 2092 2097
2096 2097 2092
2093 2097 2098
2099 2094 2095
2096 2094 2099
2096 2099 2097
2098 2097 2099
2099 2095 2100
2098 2099 2100
2101 2102 2103
2104 2103 2102
2104 2105 2103
2104 2106 2105
2104 2107 2106
2107 2108 2106
2107 2109 2108
2110 2111 2112
2110 2113 2111
2114 2111 2113
2110 2115 2113
2115 2110 2116
2117 2115 2116
2118 2115 2117
2114 2113 2119
2119 2120 2114
2119 2121 2120
2119 2122 2121
2119 2113 2122
2113 2123 2122
2113 2115 2123
2115 2124 2123
2115 2125 2124
2126 2125 2115
2118 2127 2115
2126 2115 2127
2118 2128 2127
2126 2127 2129
2128 2130 2127
2129 2127 2130
2128 2131 2130
2129 2130 2132
2131 2133 2130
2132 2130 2133
2134 2135 2136
2134 2137 2135
2138 2137 2134
2138 2134 2139
2140 2135 2137
2140 2137 2138
2140 2138 2141
2142 2138 2139
2143 2141 2138
2144 2138 2142
2145 2144 2142
2144 2145 2146
2143 2138 2147
2144 2147 2138
2143 2147 2148
2144 2149 2147
2150 2148 2147
2149 2150 2147
2151 2152 2153
2151 2154 2152
2155 2152 2154
2155 2154 2156
2157 2155 2156
2157 2156 2158
2158 2159 2157
2160 2159 2158
2161 2160 2158
2161 2158 2156
2156 2162 2161
2162 2156 2154
2162 2163 2161
2162 2154 2164
2165 2164 2154
2165 2154 2166
2151 2166 2154
2166 2167 2165
2151 2168 2166
2168 2151 2169
2168 2169 2170
2166 2171 2167
2171 2166 2168
2172 2167 2171
2171 2168 2173
2171 2174 2172
2173 2175 2171
2175 2174 2171
2176 2177 2178
2176 2179 2177
2176 2180 2179
2181 2180 2176
2182 2180 2181
2182 2183 2180
2179 2180 2183
2179 2183 2184
2185 2179 2184
2177 2179 2186
2185 2186 2179
2177 2186 2187
2185 2188 2186
2186 2188 2187
2189 2190 2191
2192 2190 2189
2192 2189 2193
2194 2192 2193
2194 2193 2195
2196 2194 2195
2197 2194 2196
2197 2198 2194
2199 2198 2197
2199 2197 2200
2201 2199 2200
2201 2202 2199
2203 2202 2201
2203 2204 2202
2205 2204 2203
2206 2207 2208
2206 2209 2207
2209 2206 2210
2209 2210 2211
2211 2210 2212
2211 2212 2213
2214 2213 2212
2215 2207 2209
2215 2216 2207
2217 2215 2209
2217 2218 2215
2209 2219 2217
2213 2217 2219
2220 2218 2217
2213 2220 2217
2221 2220 2213
2214 2221 2213
2221 2222 2220
2223 2221 2214
2223 2222 2221
2224 2222 2223
2225 2223 2214
2226 2224 2223
2227 2223 2225
2226 2223 2227
2228 2227 2225
2229 2226 2227
2230 2227 2228
2229 2227 2231
2230 2231 2227
2232 2229 2231
2233 2231 2230
2232 2231 2234
2233 2234 2231
2235 2236 2237
2238 2236 2235
2239 2240 2241
2239 2241 2242
2243 2242 2241
2239 2242 2244
2244 2245 2239
2246 2245 2244
2247 2246 2244
2243 2248 2242
2248 2243 2249
2248 2249 2250
2248 2250 2251
2248 2251 2242
2242 2251 2252
2242 2252 2244
2244 2252 2253
2244 2253 2254
2255 2244 2254
2247 2244 2256
2255 2256 2244
2247 2256 2257
2255 2258 2256
2257 2256 2259
2259 2256 2258
2257 2259 2260
2259 2258 2261
2260 2259 2262
2261 2262 2259
2263 2264 2265
2263 2266 2264
2267 2264 2266
2267 2268 2264
2269 2266 2263
2269 2267 2266
2269 2270 2267
2271 2268 2267
2272 2267 2270
2273 2271 2267
2274 2271 2273
2273 2275 2274
2272 2276 2267
2273 2267 2276
2272 2277 2276
2273 2276 2278
2279 2276 2277
2278 2276 2279
2280 2281 2282
2280 2282 2283
2284 2283 2282
2284 2285 2283
2286 2285 2284
2286 2287 2285
2287 2286 2288
2289 2287 2288
2290 2287 2289
2290 2285 2287
2285 2290 2291
2291 2283 2285
2291 2290 2292
2291 2293 2283
2294 2283 2293
2294 2295 2283
2280 2283 2295
2295 2294 2296
2280 2295 2297
2297 2298 2280
2297 2299 2298
2295 2296 2300
2300 2297 2295
2301 2300 2296
2300 2302 2297
2300 2301 2303
2302 2300 2304
2304 2300 2303
2305 2306 2307
2305 2307 2308
2305 2308 2309
2310 2305 2309
2311 2310 2309
2311 2309 2312
2308 2312 2309
2308 2313 2312
2314 2313 2308
2315 2308 2307
2314 2308 2315
2315 2307 2316
2314 2315 2317
2315 2316 2317
2318 2319 2320
2321 2318 2320
2321 2322 2318
2323 2322 2321
2323 2324 2322
2325 2324 2323
2326 2325 2323
2326 2323 2327
2328 2326 2327
2328 2329 2326
2330 2329 2328
2330 2328 2331
2332 2330 2331
2332 2331 2333
2334 2332 2333
2335 2336 2337
2335 2337 2338
2338 2339 2335
2338 2340 2339
2340 2341 2339
2340 2342 2341
2343 2341 2342
2344 2338 2337
2344 2337 2345
2344 2346 2338
2344 2347 2346
2338 2346 2348
2342 2348 2346
2349 2346 2347
2342 2346 2349
2350 2342 2349
2343 2342 2350
2350 2349 2351
2352 2343 2350
2352 2350 2351
2353 2352 2351
2354 2343 2352
2355 2352 2353
2356 2354 2352
2355 2356 2352
2357 2354 2356
2358 2356 2355
2359 2357 2356
2358 2360 2356
2359 2356 2360
2361 2360 2358
2362 2359 2360
2361 2363 2360
2362 2360 2363
2364 2365 2366
2367 2364 2366
2368 2369 2370
2371 2370 2369
2369 2368 2372
2373 2371 2369
2369 2372 2374
2372 2375 2374
2375 2376 2374
2374 2376 2377
2369 2374 2377
2373 2369 2378
2369 2377 2378
2373 2378 2379
2377 2380 2378
2380 2379 2378
2381 2382 2383
2382 2381 2384
2385 2382 2384
2382 2386 2383
2382 2385 2386
2385 2384 2387
2387 2388 2385
2389 2385 2388
2385 2389 2390
2386 2385 2391
2385 2390 2391
2392 2386 2391
2390 2393 2391
2392 2391 2393
2394 2395 2396
2397 2394 2396
2394 2398 2395
2398 2397 2395
2397 2399 2394
2398 2399 2397
2400 2401 2402
2402 2401 2403
2403 2404 2402
2404 2405 2402
2400 2402 2406
2405 2406 2402
2406 2407 2400
2405 2408 2406
2406 2409 2407
2408 2409 2406
2409 2410 2407
2408 2411 2409
2410 2409 2411
2412 2413 2414
2415 2414 2413
2414 2416 2412
2417 2414 2415
2414 2418 2416
2416 2418 2419
2419 2418 2420
2418 2421 2420
2414 2421 2418
2417 2422 2414
2414 2422 2421
2417 2423 2422
2421 2422 2424
2424 2422 2423
2425 2426 2427
2427 2428 2425
2428 2427 2429
2427 2426 2430
2427 2430 2429
2428 2429 2431
2431 2429 2432
2433 2432 2429
2429 2434 2433
2430 2435 2429
2429 2435 2434
2436 2435 2430
2434 2435 2437
2436 2437 2435
2438 2439 2440
2441 2440 2439
2438 2442 2439
2442 2438 2441
2441 2439 2443
2442 2441 2443
2444 2445 2446
2445 2444 2447
2446 2445 2448
2449 2445 2447
2448 2445 2450
2449 2450 2445
2448 2450 2451
2450 2449 2452
2451 2450 2453
2450 2452 2453
2451 2453 2454
2453 2452 2455
2455 2454 2453
2456 2457 2458
2459 2456 2458
2456 2460 2457
2461 2457 2460
2462 2461 2460
2462 2460 2456
2462 2456 2463
2456 2464 2463
2459 2465 2456
2456 2465 2464
2465 2459 2466
2466 2464 2465
2467 2468 2469
2470 2468 2467
2467 2469 2471
2472 2471 2469
2473 2471 2472
2473 2467 2471
2473 2474 2467
2467 2474 2475
2470 2467 2476
2467 2475 2476
2476 2477 2470
2477 2476 2475
2478 2479 2480
2479 2481 2480
2479 2482 2481
2483 2481 2482
2478 2484 2479
2485 2482 2479
2485 2479 2484
2486 2482 2485
2487 2485 2484
2478 2488 2484
2487 2484 2488
2478 2489 2488
2487 2488 2490
2489 2491 2488
2488 2491 2490
2486 2492 2482
2483 2482 2492
2492 2486 2493
2494 2483 2492
2492 2493 2494
2494 2495 2483
2496 2494 2493
2497 2495 2494
2496 2498 2494
2498 2497 2494
2499 2498 2496
2498 2500 2497
2498 2499 2501
2498 2501 2500
2502 2503 2504
2504 2503 2505
2504 2505 2506
2507 2506 2505
2502 2504 2508
2509 2504 2506
2509 2508 2504
2510 2509 2506
2511 2508 2509
2502 2508 2512
2511 2512 2508
2502 2512 2513
2511 2514 2512
2513 2512 2515
2512 2514 2515
2510 2506 2516
2507 2516 2506
2516 2517 2510
2518 2516 2507
2516 2518 2517
2518 2507 2519
2520 2517 2518
2521 2518 2519
2520 2518 2522
2522 2518 2521
2523 2520 2522
2522 2521 2524
2522 2525 2523
2522 2524 2525
