byte offset: 0
first index: 0
index count: 8154
topology: trianglelist
format: DXGI_FORMAT_R16_UINT

0 1 2
3 4 5
6 7 8
9 10 11
12 13 14
15 16 17
18 19 20
21 22 23
24 25 26
27 28 29
30 31 32
33 34 35
36 37 38
36 38 39
40 39 38
40 38 41
42 40 41
42 43 40
44 43 42
44 45 43
45 44 46
47 48 49
47 49 50
50 49 51
50 51 52
53 54 55
53 55 56
56 57 53
56 58 57
59 60 61
59 62 60
63 60 62
63 62 64
65 66 67
65 68 66
69 66 68
69 68 70
71 69 70
71 70 72
73 74 75
73 76 74
73 77 76
73 78 77
79 80 81
79 81 82
83 82 81
83 81 84
85 83 84
85 86 83
85 87 86
87 85 88
89 90 91
89 91 92
92 91 93
92 93 94
95 96 97
95 97 98
98 99 95
98 100 99
101 102 103
101 104 102
105 102 104
105 104 106
107 108 109
107 110 108
111 108 110
111 110 112
113 114 115
113 116 114
113 117 116
113 118 117
119 120 121
119 122 120
120 122 123
120 123 124
123 125 124
123 126 125
127 125 126
127 128 125
129 130 131
129 132 130
132 133 130
132 134 133
135 136 137
135 138 136
139 136 138
139 138 140
141 142 143
141 143 144
145 144 143
145 146 144
147 148 149
147 149 150
151 150 149
151 152 150
153 154 155
153 155 156
153 156 157
153 157 158
159 160 161
159 162 160
160 162 163
160 163 164
163 165 164
163 166 165
167 165 166
167 168 165
169 170 171
169 172 170
172 173 170
172 174 173
175 176 177
175 178 176
179 176 178
179 178 180
181 182 183
181 183 184
185 184 183
185 186 184
187 188 189
187 189 190
191 190 189
191 192 190
193 194 195
193 195 196
193 196 197
193 197 198
199 200 201
200 199 202
200 202 203
204 203 202
204 202 205
204 205 206
207 208 209
208 207 210
208 210 211
212 211 210
212 210 213
212 213 214
215 216 217
218 215 217
218 217 219
218 219 220
218 220 221
220 222 221
223 224 225
226 223 225
226 225 227
226 227 228
226 228 229
228 230 229
231 232 233
231 234 232
234 231 235
232 234 236
232 236 237
234 235 238
238 236 234
239 238 235
240 237 236
240 241 237
240 242 241
240 243 242
244 242 243
239 245 238
238 246 236
245 246 238
247 240 236
247 236 246
248 245 239
248 239 249
249 250 248
249 251 250
252 250 251
252 253 250
250 253 254
245 255 246
248 255 245
256 248 250
248 256 255
257 246 255
257 247 246
257 255 256
258 240 247
258 243 240
250 254 259
256 250 259
257 256 260
259 260 256
261 247 257
261 258 247
260 261 257
262 259 254
259 262 260
262 254 263
264 262 263
262 265 260
260 265 261
264 266 262
262 266 265
264 267 266
264 268 267
269 267 268
265 266 270
267 270 266
267 271 270
269 272 267
267 272 271
273 272 269
265 270 274
265 274 261
274 270 271
273 275 272
271 272 275
275 273 276
277 261 274
277 258 261
274 271 278
278 277 274
277 279 258
279 243 258
278 280 277
280 279 277
279 281 243
244 243 281
281 279 282
280 282 279
244 281 283
281 282 283
244 283 284
280 285 282
285 283 282
284 283 286
285 286 283
284 286 287
288 280 278
280 288 285
289 287 286
289 290 287
288 278 291
291 278 271
292 286 285
292 289 286
285 288 293
293 288 291
285 293 292
293 294 292
295 290 289
295 296 290
297 289 292
292 294 297
297 295 289
291 271 298
271 275 298
293 291 299
299 291 298
300 296 295
300 301 296
302 298 275
299 298 302
294 293 303
299 303 293
304 295 297
295 304 300
305 301 300
305 306 301
306 305 307
306 307 308
309 307 305
309 305 310
310 305 300
310 311 309
312 300 304
310 300 312
310 313 311
312 313 310
313 314 311
297 315 304
304 315 312
312 316 313
312 315 316
313 317 314
316 317 313
318 314 317
297 319 315
316 315 319
297 294 319
318 317 320
320 321 318
320 322 321
316 323 317
323 320 317
316 319 324
319 294 324
324 323 316
322 320 325
323 325 320
322 325 326
325 327 326
328 325 323
324 328 323
325 329 327
328 329 325
330 327 329
331 328 324
328 331 329
324 294 332
331 324 332
330 329 333
331 333 329
334 332 294
334 294 303
335 331 332
331 335 333
335 332 334
330 333 336
336 333 335
330 336 337
338 334 303
299 338 303
335 334 339
338 339 334
299 340 338
299 302 340
336 335 341
335 339 341
342 337 336
343 337 342
342 344 343
341 345 336
345 341 339
336 345 342
346 339 338
345 339 346
346 338 340
342 347 344
348 344 347
348 347 349
350 342 345
350 345 346
350 347 342
349 347 351
350 351 347
349 351 352
352 351 353
353 351 350
352 353 354
350 346 355
355 346 340
353 350 355
356 354 353
356 357 354
353 358 356
353 355 358
355 359 358
355 340 360
355 360 359
360 340 302
276 359 360
360 302 361
276 360 361
302 275 361
275 276 361
362 363 364
362 365 363
366 363 365
366 365 367
368 369 370
368 371 369
371 372 369
371 373 372
374 375 376
374 377 375
378 375 377
378 377 379
380 381 382
380 383 381
383 380 384
383 385 381
383 384 386
386 384 387
388 386 387
383 389 385
389 383 386
389 386 388
389 390 385
389 391 390
391 389 388
391 392 390
391 393 392
391 388 394
393 391 394
394 388 395
393 394 396
396 394 395
397 398 399
397 399 400
401 397 400
401 400 402
403 401 402
403 404 401
405 406 407
405 407 408
409 405 408
409 408 410
411 409 410
411 412 409
413 414 415
413 415 416
417 413 416
417 416 418
419 417 418
419 420 417
421 422 423
421 424 422
424 421 425
424 426 422
424 425 427
427 425 428
429 427 428
424 430 426
430 424 427
430 427 429
430 431 426
430 432 431
432 430 429
433 431 432
433 432 434
432 429 435
434 432 435
435 429 436
434 435 437
437 435 436
438 439 440
438 441 439
441 438 442
441 443 439
441 442 444
444 442 445
446 444 445
441 447 443
447 441 444
447 444 446
447 448 443
447 449 448
449 447 446
449 450 448
449 451 450
449 446 452
451 449 452
452 446 453
451 452 454
454 452 453
455 456 457
455 458 456
459 458 455
459 460 458
461 460 459
461 459 462
463 464 465
463 465 466
463 466 467
467 466 468
466 469 468
468 469 470
469 466 471
471 466 465
472 471 465
473 471 472
472 474 473
473 474 475
474 476 475
474 477 476
478 476 477
478 479 476
480 479 478
480 478 481
481 482 480
481 483 482
483 484 482
483 485 484
484 485 486
484 486 487
486 488 487
486 489 488
488 489 490
488 490 491
490 492 491
493 492 490
493 494 492
495 494 493
496 494 495
496 497 494
498 497 496
498 496 499
496 500 499
496 501 500
501 496 495
501 495 502
503 504 505
503 506 504
507 504 506
508 509 510
508 510 511
511 510 512
511 512 513
514 513 512
514 512 515
516 514 515
516 515 517
516 517 518
516 518 519
520 519 518
520 518 521
521 522 520
523 524 525
523 526 524
523 527 526
523 528 527
527 528 529
530 527 529
530 531 527
531 530 532
532 530 533
534 535 536
534 536 537
538 534 537
538 537 539
537 540 539
541 540 537
537 542 541
536 543 537
537 543 542
543 544 542
545 544 543
545 546 544
546 547 544
548 544 547
548 547 549
547 550 549
547 551 550
552 551 547
551 553 550
554 551 552
551 555 553
554 556 551
555 551 556
555 556 557
558 559 560
558 561 559
562 561 558
562 563 561
562 558 564
562 565 563
566 562 564
567 565 562
567 568 565
566 569 562
569 567 562
566 570 569
567 571 568
567 569 571
570 572 569
569 572 571
570 573 572
568 571 574
568 574 575
574 576 575
577 571 572
572 573 577
577 574 571
573 578 577
578 573 579
578 579 580
580 579 581
580 581 582
583 577 578
574 577 583
583 578 584
574 585 576
574 583 585
584 586 583
586 585 583
584 587 586
588 586 587
587 589 588
588 589 590
576 585 591
585 586 591
591 586 588
576 591 592
592 591 588
593 592 588
588 594 593
588 590 594
594 590 595
594 595 596
597 598 599
600 598 597
600 601 598
602 601 600
602 603 601
604 603 602
604 602 605
606 604 605
606 605 607
608 606 607
608 609 606
609 608 610
609 610 611
612 613 614
615 613 612
615 612 616
617 618 619
618 617 620
621 622 623
622 624 623
622 625 624
624 625 626
624 626 627
628 627 626
628 626 629
630 628 629
630 631 628
632 631 630
632 633 631
634 633 632
634 635 633
636 635 634
636 637 635
638 637 636
638 639 637
638 640 639
638 641 640
642 643 644
645 642 644
645 646 642
647 646 645
647 648 646
647 649 648
650 649 647
651 649 650
650 652 651
653 652 650
652 653 654
655 654 653
655 653 656
657 655 656
657 656 658
658 656 659
658 659 660
661 659 656
661 656 653
661 653 650
661 650 662
647 662 650
647 663 662
663 647 645
663 645 664
645 665 664
665 645 644
665 644 666
665 666 667
666 644 668
666 669 667
667 669 670
671 666 668
671 669 666
672 671 668
669 673 670
673 669 671
670 673 674
673 671 675
675 671 672
675 672 676
672 677 676
670 674 678
679 678 674
679 680 678
681 680 679
681 682 680
683 682 681
683 684 682
685 684 683
685 686 684
686 685 687
686 687 688
688 687 689
688 689 690
690 691 688
692 693 694
692 695 693
695 696 693
695 697 696
697 698 696
698 697 699
700 701 702
700 702 703
700 703 704
705 704 703
706 700 704
707 700 706
707 708 700
708 707 709
710 708 709
711 706 704
711 704 705
711 712 706
711 713 712
714 713 711
714 711 705
714 705 715
716 715 705
716 717 715
716 718 717
718 716 719
717 718 720
721 720 718
716 705 722
719 716 722
722 705 723
723 719 722
705 703 723
724 723 703
719 723 724
724 703 725
724 725 726
719 724 727
728 719 727
718 719 729
729 719 728
721 718 730
730 718 729
731 729 728
730 729 731
731 728 732
731 732 733
734 721 730
734 730 731
721 734 735
736 731 733
734 731 736
736 733 737
736 737 738
735 734 739
739 734 736
740 735 739
736 738 741
739 736 741
740 739 742
742 739 741
742 743 740
744 741 738
742 741 744
744 738 745
744 745 746
742 744 746
742 746 747
743 742 747
743 747 748
748 749 743
750 751 752
750 752 753
754 753 752
754 752 755
756 754 755
756 755 757
758 756 757
758 757 759
760 761 762
760 763 761
761 763 764
765 766 767
765 767 768
769 765 768
769 768 770
771 769 770
771 772 769
771 773 772
771 774 773
773 774 775
773 775 776
776 775 777
776 777 778
777 775 779
780 781 782
782 781 783
784 782 783
785 783 781
785 786 783
784 783 787
786 788 783
788 787 783
789 787 788
788 790 789
788 791 790
791 788 792
792 793 791
794 791 793
794 793 795
795 796 794
795 797 796
795 793 798
799 797 795
800 795 798
799 795 800
800 798 801
799 800 802
803 804 805
806 804 803
806 807 804
808 807 806
804 807 809
808 810 807
807 811 809
807 810 811
812 813 814
812 815 813
812 816 815
815 816 817
818 819 820
818 821 819
822 819 821
822 821 823
824 825 826
824 826 827
828 827 826
828 829 827
830 831 832
830 833 831
830 834 833
830 835 834
836 834 835
836 837 834
838 839 840
838 841 839
839 841 842
843 844 845
845 844 846
846 844 847
847 848 846
849 845 846
848 850 846
849 846 851
846 850 851
852 849 851
851 850 853
852 851 854
851 853 855
851 855 854
856 857 858
856 859 857
860 859 856
860 856 861
862 860 861
862 861 863
864 862 863
864 863 865
866 864 865
866 865 867
868 866 867
868 867 869
870 868 869
870 871 868
872 871 870
872 873 871
874 875 876
875 877 876
878 879 880
878 881 879
882 879 881
883 879 882
883 882 884
883 884 885
886 885 884
887 888 889
887 889 890
890 891 887
892 890 889
892 889 893
890 892 894
890 895 891
890 894 895
895 896 891
894 897 895
895 897 896
898 897 894
896 897 899
900 897 898
899 897 901
900 901 897
902 901 900
902 903 901
899 901 904
901 903 904
903 905 904
904 905 906
906 905 907
908 906 907
909 906 908
910 909 908
910 911 909
912 909 911
913 912 911
914 911 910
914 913 911
914 910 915
915 916 914
914 917 913
914 916 918
918 917 914
918 919 917
920 921 922
920 923 921
924 923 920
924 925 923
926 925 924
926 927 925
928 927 926
928 929 927
930 929 928
930 931 929
932 931 930
932 933 931
934 933 932
934 935 933
936 937 938
936 939 937
940 939 936
940 941 939
942 941 940
942 943 941
944 943 942
944 945 943
944 946 945
947 945 946
948 947 946
944 948 946
949 948 944
949 950 948
951 950 949
951 952 950
951 953 952
951 954 953
955 956 957
955 958 956
959 958 955
959 960 958
959 961 960
962 961 959
962 963 961
964 963 962
964 965 963
966 965 964
966 967 965
968 967 966
968 969 967
970 971 972
970 972 973
974 970 973
972 975 973
972 976 975
974 973 977
977 973 975
978 974 977
979 975 976
979 976 980
979 980 981
979 981 982
983 982 981
978 977 984
977 975 985
984 977 985
986 975 979
986 985 975
978 984 987
978 987 988
989 988 987
989 990 988
991 990 989
991 989 992
989 993 992
984 985 994
987 984 994
995 989 987
987 994 995
996 994 985
996 985 986
996 995 994
997 986 979
997 979 982
989 998 993
995 998 989
996 999 995
998 995 999
1000 996 986
1000 986 997
999 996 1000
1001 993 998
998 999 1001
1001 1002 993
1001 1003 1002
1004 1001 999
999 1000 1004
1001 1005 1003
1004 1005 1001
1003 1005 1006
1003 1006 1007
1008 1007 1006
1004 1009 1005
1006 1005 1009
1010 1006 1009
1008 1006 1011
1010 1011 1006
1012 1008 1011
1004 1013 1009
1004 1000 1013
1010 1009 1013
1012 1011 1014
1010 1014 1011
1015 1012 1014
1016 1013 1000
1016 1000 997
1010 1013 1017
1016 1017 1013
1016 997 1018
1018 997 982
1016 1019 1017
1019 1016 1018
1018 982 1020
983 1020 982
1020 1021 1018
1019 1018 1021
983 1022 1020
1020 1022 1021
983 1023 1022
1019 1021 1024
1024 1021 1022
1023 1025 1022
1024 1022 1025
1023 1026 1025
1017 1019 1027
1019 1024 1027
1028 1025 1026
1028 1026 1029
1017 1027 1030
1030 1010 1017
1031 1024 1025
1031 1025 1028
1024 1032 1027
1030 1027 1032
1024 1031 1032
1032 1031 1033
1034 1028 1029
1034 1029 1035
1036 1031 1028
1031 1036 1033
1036 1028 1034
1030 1037 1010
1010 1037 1014
1030 1032 1038
1038 1037 1030
1035 1039 1034
1035 1040 1039
1041 1014 1037
1038 1041 1037
1033 1042 1032
1038 1032 1042
1043 1036 1034
1034 1039 1043
1044 1039 1040
1044 1040 1045
1045 1046 1044
1045 1047 1046
1048 1044 1046
1048 1049 1044
1049 1039 1044
1049 1048 1050
1051 1043 1039
1049 1051 1039
1049 1050 1052
1051 1049 1052
1052 1050 1053
1036 1043 1054
1043 1051 1054
1051 1052 1055
1051 1055 1054
1052 1053 1056
1056 1055 1052
1057 1056 1053
1036 1054 1058
1055 1058 1054
1036 1058 1033
1057 1059 1056
1060 1059 1057
1060 1061 1059
1056 1062 1055
1062 1056 1059
1055 1063 1058
1058 1063 1033
1063 1055 1062
1061 1064 1059
1062 1059 1064
1061 1065 1064
1064 1065 1066
1067 1062 1064
1063 1062 1067
1064 1066 1068
1067 1064 1068
1069 1068 1066
1070 1063 1067
1067 1068 1070
1063 1071 1033
1070 1071 1063
1069 1072 1068
1070 1068 1072
1073 1033 1071
1073 1042 1033
1074 1071 1070
1070 1072 1074
1074 1073 1071
1069 1075 1072
1074 1072 1075
1069 1076 1075
1077 1042 1073
1038 1042 1077
1074 1078 1073
1077 1073 1078
1038 1077 1079
1038 1079 1041
1080 1075 1076
1081 1080 1076
1082 1080 1081
1074 1075 1083
1074 1083 1078
1083 1075 1084
1084 1078 1083
1075 1080 1084
1085 1077 1078
1084 1085 1078
1085 1079 1077
1082 1086 1080
1087 1086 1082
1087 1088 1086
1089 1084 1080
1089 1085 1084
1086 1089 1080
1088 1090 1086
1086 1090 1089
1088 1091 1090
1092 1090 1091
1089 1090 1092
1092 1091 1093
1089 1094 1085
1094 1079 1085
1089 1092 1094
1095 1092 1093
1095 1093 1096
1092 1095 1097
1092 1097 1094
1094 1097 1098
1094 1099 1079
1094 1098 1099
1099 1041 1079
1015 1099 1098
1099 1100 1041
1015 1100 1099
1041 1100 1014
1015 1014 1100
1101 1102 1103
1101 1103 1104
1105 1104 1103
1105 1106 1104
1107 1108 1109
1107 1109 1110
1111 1110 1109
1111 1112 1110
1113 1114 1115
1113 1115 1116
1117 1116 1115
1117 1118 1116
1119 1120 1121
1119 1121 1122
1122 1123 1119
1122 1121 1124
1122 1125 1123
1125 1126 1123
1127 1126 1125
1122 1124 1128
1128 1125 1122
1128 1127 1125
1128 1124 1129
1128 1129 1130
1130 1127 1128
1130 1129 1131
1130 1131 1132
1130 1133 1127
1132 1133 1130
1133 1134 1127
1132 1135 1133
1135 1134 1133
1136 1137 1138
1136 1139 1137
1140 1139 1136
1140 1141 1139
1142 1141 1140
1142 1140 1143
1144 1145 1146
1144 1147 1145
1148 1147 1144
1148 1149 1147
1150 1149 1148
1150 1148 1151
1152 1153 1154
1152 1155 1153
1156 1155 1152
1156 1157 1155
1158 1157 1156
1158 1156 1159
1160 1161 1162
1160 1162 1163
1163 1164 1160
1163 1162 1165
1163 1166 1164
1166 1167 1164
1168 1167 1166
1163 1165 1169
1169 1166 1163
1169 1168 1166
1169 1165 1170
1169 1170 1171
1171 1168 1169
1171 1170 1172
1171 1172 1173
1171 1174 1168
1173 1174 1171
1174 1175 1168
1173 1176 1174
1176 1175 1174
1177 1178 1179
1177 1179 1180
1180 1181 1177
1180 1179 1182
1180 1183 1181
1183 1184 1181
1185 1184 1183
1180 1182 1186
1186 1183 1180
1186 1185 1183
1186 1182 1187
1186 1187 1188
1188 1185 1186
1188 1187 1189
1188 1189 1190
1188 1191 1185
1190 1191 1188
1191 1192 1185
1190 1193 1191
1193 1192 1191
1194 1195 1196
1194 1196 1197
1198 1194 1197
1198 1197 1199
1200 1198 1199
1200 1201 1198
1202 1203 1204
1202 1204 1205
1204 1206 1205
1206 1207 1205
1205 1207 1208
1207 1209 1208
1208 1210 1205
1210 1202 1205
1211 1202 1210
1212 1211 1210
1211 1212 1213
1212 1214 1213
1213 1214 1215
1213 1215 1216
1217 1216 1215
1217 1215 1218
1217 1218 1219
1217 1219 1220
1220 1219 1221
1220 1221 1222
1222 1221 1223
1222 1223 1224
1225 1224 1223
1225 1223 1226
1225 1226 1227
1225 1227 1228
1229 1228 1227
1229 1227 1230
1229 1230 1231
1232 1229 1231
1232 1231 1233
1234 1232 1233
1235 1234 1233
1235 1233 1236
1235 1236 1237
1235 1237 1238
1235 1238 1239
1235 1239 1240
1234 1235 1240
1234 1240 1241
1242 1243 1244
1242 1244 1245
1246 1245 1244
1247 1248 1249
1247 1249 1250
1250 1251 1247
1250 1252 1251
1253 1251 1252
1253 1254 1251
1255 1254 1253
1255 1256 1254
1255 1257 1256
1255 1258 1257
1259 1257 1258
1259 1260 1257
1260 1259 1261
1262 1263 1264
1262 1265 1263
1263 1265 1266
1263 1266 1267
1266 1268 1267
1269 1268 1266
1269 1266 1270
1270 1271 1269
1271 1272 1269
1273 1274 1275
1273 1276 1274
1277 1276 1273
1277 1278 1276
1276 1278 1279
1280 1276 1279
1276 1280 1281
1274 1276 1282
1276 1281 1282
1282 1281 1283
1283 1284 1282
1283 1285 1284
1285 1283 1286
1286 1283 1287
1286 1287 1288
1286 1288 1289
1286 1289 1290
1291 1286 1290
1292 1290 1289
1293 1291 1290
1292 1294 1290
1293 1290 1295
1294 1295 1290
1294 1296 1295
1297 1298 1299
1297 1299 1300
1301 1297 1300
1301 1300 1302
1301 1303 1297
1301 1302 1304
1305 1303 1301
1306 1301 1304
1306 1304 1307
1305 1301 1308
1308 1301 1306
1305 1308 1309
1306 1307 1310
1306 1310 1308
1309 1308 1311
1308 1310 1311
1309 1311 1312
1307 1313 1310
1307 1314 1313
1313 1314 1315
1316 1311 1310
1311 1316 1312
1316 1310 1313
1312 1316 1317
1317 1318 1312
1317 1319 1318
1320 1318 1319
1320 1319 1321
1322 1317 1316
1313 1322 1316
1322 1323 1317
1313 1315 1324
1313 1324 1322
1325 1323 1322
1325 1322 1324
1325 1326 1323
1327 1326 1325
1326 1327 1328
1327 1329 1328
1315 1330 1324
1324 1330 1325
1330 1327 1325
1315 1331 1330
1331 1327 1330
1332 1327 1331
1327 1332 1333
1327 1333 1329
1333 1334 1329
1333 1335 1334
1336 1337 1338
1338 1339 1336
1338 1340 1339
1341 1339 1340
1341 1340 1342
1343 1341 1342
1343 1344 1341
1345 1344 1343
1345 1346 1344
1347 1346 1345
1347 1345 1348
1349 1347 1348
1349 1348 1350
1351 1352 1353
1354 1351 1353
1354 1355 1351
1356 1357 1358
1358 1359 1356
1360 1361 1362
1363 1362 1361
1363 1364 1362
1363 1365 1364
1363 1366 1365
1367 1365 1366
1367 1368 1365
1369 1368 1367
1369 1367 1370
1371 1369 1370
1371 1370 1372
1373 1371 1372
1373 1372 1374
1374 1375 1373
1374 1376 1375
1377 1375 1376
1377 1376 1378
1377 1378 1379
1377 1379 1380
1381 1382 1383
1384 1382 1381
1384 1381 1385
1386 1384 1385
1386 1385 1387
1386 1387 1388
1389 1386 1388
1390 1389 1388
1389 1390 1391
1392 1389 1391
1391 1393 1392
1394 1392 1393
1394 1395 1392
1396 1395 1394
1396 1397 1395
1397 1398 1395
1397 1399 1398
1395 1398 1400
1395 1400 1392
1400 1389 1392
1400 1401 1389
1386 1389 1401
1386 1401 1402
1402 1384 1386
1402 1403 1384
1384 1403 1404
1404 1382 1384
1404 1405 1382
1404 1406 1405
1405 1407 1382
1405 1406 1408
1406 1409 1408
1410 1407 1405
1410 1405 1408
1411 1407 1410
1408 1409 1412
1412 1410 1408
1409 1413 1412
1412 1414 1410
1414 1411 1410
1414 1415 1411
1411 1415 1416
1409 1417 1413
1418 1413 1417
1418 1417 1419
1420 1418 1419
1420 1419 1421
1422 1420 1421
1422 1421 1423
1424 1422 1423
1424 1423 1425
1425 1426 1424
1425 1427 1426
1428 1426 1427
1428 1427 1429
1429 1427 1430
1431 1432 1433
1431 1434 1432
1434 1431 1435
1434 1435 1436
1436 1435 1437
1437 1438 1436
1439 1440 1441
1439 1441 1442
1441 1443 1442
1444 1442 1443
1445 1443 1441
1446 1445 1441
1446 1441 1447
1447 1448 1446
1449 1448 1447
1450 1443 1445
1450 1444 1443
1450 1445 1451
1450 1451 1452
1453 1450 1452
1453 1444 1450
1453 1454 1444
1444 1454 1455
1455 1454 1456
1455 1456 1457
1457 1458 1455
1456 1459 1457
1460 1457 1459
1444 1455 1461
1458 1461 1455
1461 1462 1444
1462 1461 1458
1444 1462 1442
1463 1442 1462
1458 1463 1462
1463 1464 1442
1463 1465 1464
1458 1466 1463
1467 1466 1458
1457 1468 1458
1468 1467 1458
1460 1469 1457
1469 1468 1457
1470 1467 1468
1469 1470 1468
1470 1471 1467
1470 1472 1471
1473 1469 1460
1473 1470 1469
1460 1474 1473
1475 1472 1470
1473 1475 1470
1475 1476 1472
1475 1477 1476
1474 1478 1473
1478 1475 1473
1479 1478 1474
1475 1480 1477
1478 1480 1475
1479 1481 1478
1481 1480 1478
1481 1479 1482
1483 1477 1480
1481 1483 1480
1483 1484 1477
1483 1485 1484
1481 1485 1483
1481 1486 1485
1482 1486 1481
1482 1487 1486
1487 1482 1488
1489 1490 1491
1489 1492 1490
1493 1490 1492
1493 1494 1490
1495 1494 1493
1495 1496 1494
1497 1496 1495
1497 1498 1496
1499 1500 1501
1499 1501 1502
1501 1503 1502
1504 1505 1506
1504 1507 1505
1508 1507 1504
1508 1509 1507
1508 1510 1509
1508 1511 1510
1510 1511 1512
1510 1512 1513
1512 1514 1513
1512 1515 1514
1515 1516 1514
1515 1517 1516
1516 1518 1514
1519 1520 1521
1520 1522 1521
1523 1522 1520
1524 1521 1522
1524 1522 1525
1523 1526 1522
1525 1522 1527
1527 1522 1526
1528 1527 1526
1529 1527 1528
1529 1530 1527
1530 1531 1527
1531 1530 1532
1533 1532 1530
1533 1534 1532
1534 1533 1535
1534 1535 1536
1534 1537 1532
1538 1534 1536
1537 1534 1539
1538 1539 1534
1537 1539 1540
1538 1541 1539
1542 1543 1544
1545 1542 1544
1545 1544 1546
1547 1545 1546
1544 1548 1546
1547 1546 1549
1546 1548 1550
1546 1550 1549
1551 1552 1553
1551 1553 1554
1551 1554 1555
1554 1556 1555
1557 1558 1559
1557 1559 1560
1561 1560 1559
1561 1562 1560
1563 1564 1565
1563 1566 1564
1567 1564 1566
1567 1566 1568
1569 1570 1571
1569 1571 1572
1569 1572 1573
1569 1573 1574
1575 1574 1573
1575 1573 1576
1577 1578 1579
1577 1579 1580
1579 1581 1580
1582 1583 1584
1583 1585 1584
1585 1586 1584
1586 1585 1587
1588 1585 1583
1587 1585 1589
1588 1590 1585
1585 1590 1589
1590 1588 1591
1590 1592 1589
1590 1591 1593
1590 1594 1592
1590 1593 1594
1595 1596 1597
1595 1597 1598
1599 1595 1598
1599 1600 1595
1601 1600 1599
1601 1602 1600
1603 1602 1601
1603 1604 1602
1605 1604 1603
1605 1606 1604
1607 1606 1605
1607 1608 1606
1609 1608 1607
1609 1607 1610
1611 1609 1610
1611 1610 1612
1613 1614 1615
1615 1614 1616
1617 1618 1619
1617 1619 1620
1621 1620 1619
1622 1621 1619
1622 1623 1621
1622 1624 1623
1625 1623 1624
1626 1627 1628
1626 1629 1627
1629 1626 1630
1631 1627 1629
1631 1632 1627
1633 1631 1629
1629 1630 1634
1633 1629 1634
1634 1630 1635
1633 1634 1636
1634 1635 1636
1637 1633 1636
1635 1638 1636
1639 1637 1636
1638 1640 1636
1639 1636 1640
1641 1639 1640
1641 1640 1642
1638 1643 1640
1640 1643 1642
1642 1643 1644
1643 1645 1644
1645 1646 1644
1647 1646 1645
1648 1647 1645
1649 1647 1648
1649 1648 1650
1651 1650 1648
1652 1650 1651
1653 1649 1650
1653 1650 1652
1653 1654 1649
1654 1653 1655
1653 1652 1656
1653 1657 1655
1656 1657 1653
1656 1658 1657
1659 1660 1661
1659 1661 1662
1663 1659 1662
1663 1662 1664
1665 1663 1664
1665 1664 1666
1667 1665 1666
1667 1666 1668
1669 1667 1668
1669 1668 1670
1671 1669 1670
1671 1670 1672
1673 1671 1672
1673 1672 1674
1675 1676 1677
1675 1677 1678
1679 1675 1678
1679 1678 1680
1681 1679 1680
1681 1680 1682
1683 1681 1682
1683 1682 1684
1683 1684 1685
1686 1685 1684
1687 1685 1686
1683 1685 1687
1688 1683 1687
1688 1687 1689
1690 1688 1689
1690 1689 1691
1692 1690 1691
1692 1693 1690
1694 1695 1696
1694 1696 1697
1698 1694 1697
1698 1697 1699
1698 1699 1700
1701 1698 1700
1701 1700 1702
1703 1701 1702
1703 1702 1704
1705 1703 1704
1705 1704 1706
1707 1705 1706
1707 1706 1708
1709 1710 1711
1710 1709 1712
1710 1712 1713
1714 1713 1712
1714 1712 1715
1714 1715 1716
1717 1718 1719
1718 1717 1720
1718 1720 1721
1722 1721 1720
1722 1720 1723
1722 1723 1724
1725 1726 1727
1726 1725 1728
1726 1728 1729
1730 1729 1728
1730 1728 1731
1730 1731 1732
1733 1734 1735
1736 1733 1735
1736 1735 1737
1736 1737 1738
1736 1738 1739
1738 1740 1739
1741 1742 1743
1741 1743 1744
1745 1744 1743
1745 1743 1746
1745 1746 1747
1745 1747 1748
1749 1748 1747
1749 1747 1750
1751 1749 1750
1751 1752 1749
1751 1753 1752
1751 1754 1753
1755 1756 1757
1758 1755 1757
1758 1757 1759
1760 1761 1762
1760 1762 1763
1763 1762 1764
1763 1764 1765
1764 1766 1765
1764 1767 1766
1768 1766 1767
1768 1769 1766
1770 1769 1768
1770 1768 1771
1772 1770 1771
1772 1771 1773
1774 1775 1776
1774 1777 1775
1778 1775 1777
1778 1779 1775
1778 1780 1779
1778 1781 1780
1780 1781 1782
1780 1782 1783
1782 1784 1783
1782 1785 1784
1785 1786 1784
1785 1787 1786
1788 1789 1790
1788 1791 1789
1788 1792 1791
1793 1794 1795
1793 1796 1794
1797 1796 1793
1797 1798 1796
1797 1799 1798
1797 1800 1799
1800 1801 1799
1800 1802 1801
1803 1801 1802
1803 1802 1804
1804 1805 1803
1804 1806 1805
1807 1808 1809
1807 1809 1810
1811 1807 1810
1811 1810 1812
1811 1812 1813
1811 1813 1814
1814 1813 1815
1814 1815 1816
1816 1815 1817
1816 1817 1818
1818 1817 1819
1818 1819 1820
1821 1822 1823
1821 1824 1822
1824 1825 1822
1824 1826 1825
1826 1827 1825
1826 1828 1827
1828 1829 1827
1828 1830 1829
1830 1831 1829
1830 1832 1831
1833 1831 1832
1833 1834 1831
1835 1836 1837
1835 1838 1836
1838 1835 1839
1838 1839 1840
1841 1840 1839
1841 1839 1842
1843 1841 1842
1843 1844 1841
1845 1844 1843
1845 1843 1846
1847 1845 1846
1847 1848 1845
1847 1849 1848
1847 1850 1849
1851 1852 1853
1851 1854 1852
1854 1851 1855
1854 1855 1856
1857 1856 1855
1857 1858 1856
1858 1857 1859
1858 1859 1860
1861 1860 1859
1861 1862 1860
1863 1862 1861
1863 1861 1864
1865 1866 1867
1865 1868 1866
1869 1866 1868
1869 1868 1870
1871 1869 1870
1871 1872 1869
1873 1872 1871
1873 1874 1872
1875 1874 1873
1875 1876 1874
1876 1875 1877
1876 1877 1878
1879 1880 1881
1881 1882 1879
1881 1883 1882
1884 1885 1886
1884 1886 1887
1884 1887 1888
1884 1888 1889
1890 1889 1888
1890 1888 1891
1892 1890 1891
1892 1891 1893
1894 1892 1893
1894 1893 1895
1895 1896 1894
1895 1897 1896
1898 1899 1900
1898 1901 1899
1902 1901 1898
1902 1903 1901
1904 1903 1902
1904 1905 1903
1906 1905 1904
1906 1907 1905
1908 1907 1906
1908 1909 1907
1910 1909 1908
1910 1911 1909
1912 1913 1914
1912 1915 1913
1916 1915 1912
1916 1917 1915
1918 1917 1916
1918 1919 1917
1920 1919 1918
1920 1921 1919
1920 1922 1921
1920 1923 1922
1923 1924 1922
1923 1925 1924
1926 1927 1928
1929 1928 1927
1929 1927 1930
1931 1932 1933
1931 1933 1934
1935 1936 1937
1935 1937 1938
1935 1938 1939
1939 1938 1940
1938 1937 1941
1941 1937 1942
1943 1940 1938
1944 1938 1941
1943 1938 1944
1945 1940 1943
1946 1940 1945
1945 1947 1946
1948 1947 1945
1943 1948 1945
1949 1947 1948
1948 1950 1949
1951 1950 1948
1952 1950 1951
1951 1953 1952
1951 1954 1953
1943 1955 1948
1943 1944 1955
1955 1951 1948
1944 1941 1956
1956 1955 1944
1951 1957 1954
1957 1958 1954
1959 1958 1957
1959 1957 1960
1961 1960 1957
1962 1960 1961
1961 1963 1962
1961 1964 1963
1964 1961 1965
1951 1966 1957
1961 1957 1966
1967 1966 1951
1967 1961 1966
1968 1951 1955
1967 1951 1968
1967 1968 1969
1970 1968 1955
1970 1969 1968
1956 1970 1955
1961 1971 1965
1971 1972 1965
1972 1971 1973
1974 1970 1956
1956 1941 1974
1971 1975 1973
1975 1976 1973
1976 1975 1977
1978 1975 1971
1975 1978 1977
1977 1978 1979
1980 1977 1979
1981 1980 1979
1982 1979 1978
1983 1982 1978
1978 1971 1984
1983 1978 1984
1984 1971 1961
1985 1984 1961
1985 1983 1984
1967 1985 1961
1981 1979 1986
1981 1986 1987
1988 1986 1979
1988 1979 1989
1982 1989 1979
1989 1990 1988
1989 1991 1990
1992 1990 1991
1992 1991 1993
1991 1989 1994
1982 1994 1989
1991 1995 1993
1991 1994 1995
1993 1995 1996
1995 1994 1996
1993 1996 1997
1994 1998 1996
1982 1998 1994
1996 1999 1997
1996 1998 1999
1999 2000 1997
1999 2001 2000
2002 2000 2001
1999 1998 2003
2003 2001 1999
2002 2001 2004
2005 2002 2004
1982 2006 1998
1998 2006 2003
2003 2007 2001
2004 2001 2007
2003 2006 2008
2008 2007 2003
1982 2009 2006
2008 2006 2009
2010 2009 1982
2010 1982 1983
2008 2009 2011
2011 2009 2010
1983 2012 2010
2011 2010 2012
1985 2012 1983
2013 2007 2008
2013 2008 2011
2012 2014 2011
2014 2012 1985
2013 2011 2014
2015 2007 2013
2004 2007 2015
1985 2016 2014
1985 1967 2016
1967 1969 2016
2014 2017 2013
2014 2016 2017
2017 2015 2013
1969 2017 2016
2018 2004 2015
2017 2019 2015
2018 2015 2019
1969 2020 2017
2019 2017 2020
2018 2021 2004
2005 2004 2021
2005 2021 2022
2022 2021 2023
2018 2023 2021
2018 2024 2023
2024 2018 2025
2018 2019 2025
2024 2025 2026
2025 2019 2027
2019 2020 2027
2028 2026 2025
2025 2027 2028
2028 2029 2026
2028 2030 2029
2028 2031 2030
2027 2031 2028
2032 2030 2031
2032 2031 2033
2027 2034 2031
2033 2031 2034
2034 2027 2020
2033 2034 2035
2035 2034 2036
2034 2020 2036
2035 2036 2037
2036 2020 2038
2038 2020 1969
2037 2036 2039
2039 2036 2038
2037 2039 2040
2038 1969 2041
1970 2041 1969
2039 2042 2040
2040 2042 2043
2044 2039 2038
2038 2041 2044
2044 2042 2039
2045 2041 1970
2044 2041 2045
1974 2045 1970
2043 2042 2046
2046 2047 2043
2048 2042 2044
2044 2045 2048
2048 2046 2042
2045 2049 2048
2045 1974 2049
2049 2046 2048
2046 2050 2047
2049 2050 2046
2051 2047 2050
2051 2050 1942
1974 2052 2049
2049 2052 2050
1942 2050 2052
1974 1941 2052
1942 2052 1941
2053 2054 2055
2053 2055 2056
2057 2058 2059
2057 2060 2058
2061 2060 2057
2061 2062 2060
2063 2062 2061
2063 2061 2064
2065 2063 2064
2065 2064 2066
2065 2066 2067
2065 2067 2068
2068 2067 2069
2068 2069 2070
2070 2069 2071
2070 2071 2072
2073 2074 2075
2073 2075 2076
2073 2076 2077
2073 2077 2078
2079 2078 2077
2079 2080 2078
2081 2080 2079
2081 2082 2080
2083 2082 2081
2083 2084 2082
2083 2085 2084
2083 2086 2085
2087 2085 2086
2087 2088 2085
2089 2088 2087
2089 2087 2090
2090 2091 2089
2090 2092 2091
2093 2094 2095
2093 2095 2096
2097 2093 2096
2097 2096 2098
2099 2097 2098
2099 2100 2097
2101 2100 2099
2101 2102 2100
2102 2101 2103
2102 2103 2104
2103 2105 2104
2103 2106 2105
2106 2107 2105
2106 2108 2107
2108 2109 2107
2108 2110 2109
2111 2112 2113
2111 2114 2112
2111 2115 2114
2111 2116 2115
2117 2115 2116
2117 2116 2118
2119 2117 2118
2119 2118 2120
2121 2119 2120
2121 2120 2122
2123 2121 2122
2123 2122 2124
2125 2123 2124
2125 2124 2126
2127 2125 2126
2127 2128 2125
2128 2127 2129
2128 2129 2130
2131 2132 2133
2133 2132 2134
2135 2136 2137
2135 2138 2136
2139 2138 2135
2139 2140 2138
2141 2142 2143
2141 2143 2144
2145 2146 2147
2145 2147 2148
2149 2150 2151
2149 2152 2150
2153 2150 2152
2153 2154 2150
2155 2156 2157
2155 2157 2158
2159 2160 2161
2160 2162 2161
2163 2164 2165
2163 2165 2166
2167 2163 2166
2167 2166 2168
2169 2170 2171
2169 2171 2172
2173 2174 2175
2173 2175 2176
2177 2178 2179
2177 2179 2180
2181 2180 2179
2181 2179 2182
2183 2184 2185
2183 2185 2186
2187 2188 2189
2187 2190 2188
2188 2190 2191
2188 2191 2192
2193 2194 2195
2193 2195 2196
2197 2198 2199
2197 2200 2198
2201 2200 2197
2201 2202 2200
2203 2204 2205
2203 2205 2206
2207 2208 2209
2207 2209 2210
2211 2212 2213
2211 2214 2212
2215 2214 2211
2215 2211 2216
2217 2218 2219
2217 2220 2218
2221 2220 2217
2221 2222 2220
2223 2222 2221
2223 2224 2222
2225 2224 2223
2225 2226 2224
2227 2226 2225
2227 2225 2228
2229 2230 2231
2229 2231 2232
2232 2233 2229
2232 2234 2233
2235 2236 2237
2235 2238 2236
2238 2235 2239
2238 2239 2240
2241 2242 2243
2241 2243 2244
2245 2241 2244
2245 2244 2246
2247 2248 2249
2247 2250 2248
2250 2251 2248
2250 2252 2251
2253 2251 2252
2253 2252 2254
2255 2256 2257
2255 2258 2256
2255 2259 2258
2255 2260 2259
2261 2259 2260
2261 2262 2259
2263 2264 2265
2263 2265 2266
2267 2268 2269
2267 2269 2270
2271 2272 2273
2271 2273 2274
2273 2275 2274
2273 2276 2275
2277 2278 2279
2277 2279 2280
2281 2282 2283
2281 2283 2284
2285 2281 2284
2285 2284 2286
2287 2288 2289
2287 2289 2290
2291 2292 2293
2291 2293 2294
2295 2296 2297
2295 2297 2298
2299 2295 2298
2299 2300 2295
2301 2302 2303
2301 2303 2304
2305 2301 2304
2305 2304 2306
2307 2305 2306
2307 2306 2308
2309 2307 2308
2309 2308 2310
2311 2309 2310
2311 2312 2309
2313 2314 2315
2313 2316 2314
2316 2313 2317
2316 2317 2318
2319 2320 2321
2319 2321 2322
2322 2323 2319
2322 2324 2323
2325 2326 2327
2325 2328 2326
2329 2328 2325
2329 2330 2328
2331 2332 2333
2331 2333 2334
2334 2333 2335
2334 2335 2336
2337 2336 2335
2337 2338 2336
2339 2340 2341
2339 2341 2342
2339 2342 2343
2339 2343 2344
2345 2344 2343
2345 2343 2346
2347 2348 2349
2347 2349 2350
2351 2352 2353
2351 2353 2354
2355 2356 2357
2356 2358 2357
2355 2359 2356
2360 2356 2359
2359 2355 2361
2356 2362 2358
2362 2356 2360
2362 2363 2358
2359 2361 2364
2364 2361 2365
2364 2365 2366
2362 2367 2363
2367 2368 2363
2367 2369 2368
2370 2359 2364
2360 2359 2370
2364 2366 2371
2370 2364 2371
2371 2366 2372
2373 2367 2362
2362 2360 2373
2374 2369 2367
2373 2374 2367
2374 2375 2369
2371 2376 2370
2360 2370 2376
2372 2377 2371
2371 2377 2376
2372 2378 2377
2379 2373 2360
2374 2373 2379
2380 2375 2374
2374 2379 2380
2380 2381 2375
2360 2376 2382
2379 2360 2382
2383 2377 2378
2383 2378 2384
2385 2376 2377
2385 2382 2376
2385 2377 2383
2380 2379 2386
2386 2379 2382
2387 2381 2380
2380 2386 2387
2387 2388 2381
2385 2389 2382
2386 2382 2389
2385 2390 2389
2386 2389 2390
2383 2391 2385
2385 2391 2390
2392 2383 2384
2383 2392 2391
2387 2386 2393
2386 2390 2393
2388 2387 2394
2387 2393 2394
2392 2384 2395
2395 2384 2396
2397 2395 2396
2397 2398 2395
2399 2395 2398
2399 2398 2400
2401 2399 2400
2401 2402 2399
2403 2395 2399
2402 2403 2399
2403 2392 2395
2402 2404 2403
2405 2403 2404
2403 2406 2392
2405 2406 2403
2391 2392 2406
2406 2405 2407
2406 2408 2391
2406 2407 2408
2407 2409 2408
2390 2391 2408
2410 2408 2409
2411 2410 2409
2411 2412 2410
2413 2410 2412
2413 2414 2410
2415 2408 2410
2390 2408 2415
2414 2415 2410
2390 2415 2416
2390 2416 2393
2414 2417 2415
2415 2417 2416
2417 2414 2418
2417 2418 2419
2420 2417 2419
2420 2421 2417
2417 2421 2416
2422 2416 2421
2423 2393 2416
2423 2416 2422
2423 2422 2424
2424 2425 2423
2424 2426 2425
2393 2423 2394
2425 2394 2423
2427 2425 2426
2428 2425 2427
2428 2429 2425
2430 2425 2429
2394 2425 2431
2430 2431 2425
2388 2394 2431
2430 2432 2431
2388 2431 2433
2431 2432 2434
2431 2434 2433
2435 2436 2437
2435 2437 2438
2439 2436 2435
2438 2437 2440
2439 2441 2436
2438 2440 2442
2443 2441 2439
2442 2440 2444
2443 2445 2441
2442 2444 2446
2447 2445 2443
2446 2444 2448
2447 2449 2445
2446 2448 2450
2450 2449 2447
2450 2448 2449
2451 2452 2453
2451 2453 2454
2455 2452 2451
2454 2453 2456
2455 2457 2452
2454 2456 2458
2459 2457 2455
2458 2456 2460
2459 2461 2457
2458 2460 2462
2463 2461 2459
2462 2460 2464
2463 2465 2461
2462 2464 2466
2466 2465 2463
2466 2464 2465
2467 2468 2469
2467 2469 2470
2468 2471 2469
2472 2467 2470
2468 2473 2471
2472 2470 2474
2473 2475 2471
2476 2472 2474
2473 2477 2475
2476 2474 2478
2477 2479 2475
2480 2476 2478
2477 2481 2479
2480 2478 2482
2481 2480 2482
2481 2482 2479
2483 2484 2485
2483 2485 2486
2484 2487 2485
2488 2483 2486
2484 2489 2487
2488 2486 2490
2489 2491 2487
2492 2488 2490
2489 2493 2491
2492 2490 2494
2493 2495 2491
2496 2492 2494
2493 2497 2495
2496 2494 2498
2497 2496 2498
2497 2498 2495
2499 2500 2501
2499 2501 2502
2500 2503 2501
2504 2499 2502
2504 2502 2505
2500 2506 2503
2506 2507 2503
2508 2504 2505
2508 2505 2509
2510 2509 2507
2510 2508 2509
2506 2510 2507
2510 2511 2508
2508 2511 2504
2506 2511 2510
2504 2511 2512
2504 2512 2499
2506 2513 2511
2500 2513 2506
2499 2512 2514
2499 2514 2500
2500 2514 2513
2515 2516 2517
2515 2517 2518
2516 2519 2517
2520 2515 2518
2520 2518 2521
2516 2522 2519
2522 2523 2519
2524 2520 2521
2524 2521 2525
2526 2525 2523
2526 2524 2525
2522 2526 2523
2526 2527 2524
2524 2527 2520
2522 2527 2526
2520 2527 2528
2520 2528 2515
2522 2529 2527
2516 2529 2522
2515 2528 2530
2515 2530 2516
2516 2530 2529
2531 2532 2533
2531 2533 2534
2532 2535 2533
2536 2531 2534
2536 2534 2537
2532 2538 2535
2538 2539 2535
2540 2536 2537
2540 2537 2541
2542 2541 2539
2542 2540 2541
2538 2542 2539
2542 2543 2540
2540 2543 2536
2538 2543 2542
2536 2543 2544
2536 2544 2531
2538 2545 2543
2532 2545 2538
2531 2544 2546
2531 2546 2532
2532 2546 2545
2547 2548 2549
2547 2549 2550
2550 2549 2551
2552 2548 2547
2552 2553 2548
2550 2551 2554
2554 2551 2555
2556 2553 2552
2556 2557 2553
2558 2555 2557
2558 2557 2556
2554 2555 2558
2558 2556 2559
2556 2552 2559
2554 2558 2559
2552 2560 2559
2552 2547 2560
2554 2559 2561
2550 2554 2561
2547 2562 2560
2547 2550 2562
2550 2561 2562
2563 2564 2565
2563 2565 2566
2566 2565 2567
2568 2564 2563
2568 2569 2564
2566 2567 2570
2570 2567 2571
2572 2569 2568
2572 2573 2569
2574 2571 2573
2574 2573 2572
2570 2571 2574
2574 2572 2575
2572 2568 2575
2570 2574 2575
2568 2576 2575
2568 2563 2576
2570 2575 2577
2566 2570 2577
2563 2578 2576
2563 2566 2578
2566 2577 2578
2579 2580 2581
2579 2581 2582
2582 2581 2583
2584 2580 2579
2584 2585 2580
2582 2583 2586
2586 2583 2587
2588 2585 2584
2588 2589 2585
2590 2587 2589
2590 2589 2588
2586 2587 2590
2590 2588 2591
2588 2584 2591
2586 2590 2591
2584 2592 2591
2584 2579 2592
2586 2591 2593
2582 2586 2593
2579 2594 2592
2579 2582 2594
2582 2593 2594
2595 2596 2597
2595 2597 2598
2599 2596 2595
2598 2597 2600
2599 2601 2596
2598 2600 2602
2603 2601 2599
2602 2600 2604
2603 2605 2601
2602 2604 2606
2607 2605 2603
2606 2604 2608
2607 2609 2605
2606 2608 2610
2610 2609 2607
2610 2608 2609
2611 2612 2613
2611 2613 2614
2615 2612 2611
2614 2613 2616
2615 2617 2612
2614 2616 2618
2619 2617 2615
2618 2616 2620
2619 2621 2617
2618 2620 2622
2623 2621 2619
2622 2620 2624
2623 2625 2621
2622 2624 2626
2626 2625 2623
2626 2624 2625
2627 2628 2629
2627 2629 2630
2631 2628 2627
2630 2629 2632
2631 2633 2628
2630 2632 2634
2635 2633 2631
2634 2632 2636
2635 2637 2633
2634 2636 2638
2639 2637 2635
2638 2636 2640
2639 2641 2637
2638 2640 2642
2642 2641 2639
2642 2640 2641
2643 2644 2645
2643 2645 2646
2644 2647 2645
2648 2643 2646
2644 2649 2647
2648 2646 2650
2649 2651 2647
2652 2648 2650
2649 2653 2651
2652 2650 2654
2653 2655 2651
2656 2652 2654
2653 2657 2655
2656 2654 2658
2657 2656 2658
2657 2658 2655
